0.003797
0.004411
0.041378
0.036699
0.077772
0.016213
0.069612
0.122944
0.111351
0.037152
0.101916
0.18569
0.126182
0.055836
0.102954
0.205014
0.121563
0.053289
0.099345
0.197335
0.197117
0.072327
0.089174
0.238524
0.214885
0.076228
0.084421
0.246375
0.265962
0.087874
0.082505
0.27811
0.232671
0.07453
0.111689
0.280444
0.247625
0.075024
0.120123
0.296318
0.254192
0.076652
0.125151
0.305078
0.262838
0.079856
0.128861
0.312925
0.283655
0.074914
0.131214
0.32452
0.305427
0.079221
0.13621
0.341921
0.31228
0.080925
0.141797
0.350918
0.338125
0.084699
0.145944
0.368645
0.352193
0.086534
0.149528
0.378218
0.347745
0.085771
0.15927
0.384309
0.359874
0.085506
0.168014
0.396903
0.370671
0.085881
0.172779
0.404472
0.390688
0.086901
0.179002
0.419115
0.397087
0.086734
0.182472
0.424516
0.403321
0.084069
0.191417
0.431174
0.421394
0.078713
0.20352
0.442521
0.441234
0.073624
0.20831
0.454706
0.449896
0.069102
0.217846
0.458685
0.454291
0.065266
0.223476
0.465677
0.45608
0.061521
0.232543
0.470872
0.459951
0.058805
0.239131
0.474552
0.459232
0.055339
0.247399
0.478555
0.463983
0.050903
0.256901
0.484606
0.469274
0.046325
0.267057
0.490882
0.475486
0.040073
0.278367
0.497468
0.472412
0.040646
0.283394
0.499314
0.475562
0.03215
0.295519
0.502056
0.486491
0.015064
0.310188
0.510997
0.491938
0.003596
0.326686
0.514686
0.497416
0.036783
0.350663
0.521331
0.495377
0.041637
0.355331
0.520448
0.499889
0.068557
0.376972
0.527347
0.497745
0.085399
0.39238
0.529457
0.490887
0.115565
0.410397
0.53306
0.466281
0.155803
0.439243
0.527346
0.483915
0.17429
0.4507
0.540924
0.482941
0.201946
0.467885
0.549158
0.517499
0.200081
0.476318
0.56051
0.541649
0.13869
0.47285
0.568948
0.517345
0.152295
0.493736
0.569675
0.520858
0.125641
0.498985
0.576649
0.491492
0.176359
0.525905
0.585037
0.441375
0.239852
0.558254
0.581509
0.56165
0.150742
0.553118
0.611365
0.593855
0.097854
0.559333
0.622204
0.55433
0.099797
0.575725
0.623972
0.520305
0.011168
0.582128
0.617905
0.492788
0.038528
0.594167
0.617329
0.43232
0.031773
0.62126
0.613245
0.436935
0.061208
0.626757
0.612689
0.419606
0.071174
0.637199
0.610464
0.405313
0.094756
0.644477
0.60626
0.403097
0.165048
0.647472
0.601851
0.369553
0.184239
0.65742
0.593855
0.345948
0.17058
0.665957
0.591619
0.316104
0.148251
0.675852
0.587699
0.303887
0.130189
0.681694
0.588325
0.373215
0.168989
0.6831
0.595652
0.390894
0.175265
0.684984
0.597318
0.38269
0.169572
0.688466
0.595588
0.382613
0.178583
0.687912
0.591622
0.389375
0.194606
0.684793
0.589071
0.389557
0.200177
0.684183
0.58736
0.367089
0.181357
0.688608
0.582221
0.388887
0.201543
0.678846
0.576305
0.397658
0.224456
0.665982
0.564782
0.34721
0.147933
0.678394
0.557539
0.372697
0.134072
0.687596
0.558969
0.389236
0.16036
0.695209
0.559218
0.386657
0.210721
0.706363
0.554611
0.384223
0.223606
0.708769
0.552797
0.381338
0.230695
0.709401
0.551294
0.375381
0.235348
0.710117
0.549415
0.364872
0.23879
0.710869
0.546575
0.326974
0.255172
0.709441
0.534672
0.320749
0.257415
0.708555
0.531935
0.315421
0.25972
0.706246
0.528874
0.30481
0.258914
0.698441
0.521185
0.304574
0.257611
0.694934
0.518856
0.305225
0.256772
0.692658
0.517478
0.306764
0.255816
0.68977
0.51581
0.308619
0.255358
0.687511
0.514599
0.321164
0.253956
0.675879
0.508477
0.324736
0.249082
0.664689
0.501885
0.297141
0.202073
0.683013
0.504978
0.324214
0.231254
0.691352
0.506393
0.325038
0.246819
0.696078
0.505113
0.323492
0.246888
0.696455
0.504977
0.320803
0.247344
0.696759
0.504755
0.317613
0.247814
0.697047
0.504462
0.315101
0.247723
0.697348
0.504211
0.3108
0.250218
0.698021
0.503376
0.310293
0.251191
0.698263
0.503093
0.310082
0.252387
0.698418
0.502828
0.310301
0.252326
0.698229
0.502733
0.310424
0.252271
0.698113
0.502681
0.310565
0.252171
0.697956
0.502605
0.310996
0.251829
0.697361
0.502322
0.311195
0.251457
0.696674
0.501943
0.311189
0.251356
0.696445
0.501797
0.2958
0.225278
0.702041
0.505163
0.284305
0.213252
0.705638
0.50334
0.234149
0.125081
0.734757
0.513308
0.246476
0.133998
0.742004
0.517043
0.273337
0.154858
0.786754
0.53375
0.278141
0.166174
0.809589
0.541448
0.284651
0.190557
0.840269
0.551273
0.28991
0.234071
0.951959
0.600198
0.289287
0.267924
0.991528
0.614256
0.2875
0.265985
1.025636
0.636895
0.262473
0.461884
1.244061
0.716802
0.298932
0.393929
1.256469
0.790388
0.322717
0.38372
1.276571
0.820007
0.391077
0.499838
1.429179
0.94106
0.4267
0.477517
1.438755
0.983193
0.5061
0.390509
1.442839
1.09388
0.506663
0.398015
1.465331
1.123978
0.49032
0.402375
1.476668
1.131737
0.479457
0.404953
1.480901
1.132775
0.476849
0.410108
1.484399
1.133033
0.474603
0.409478
1.483424
1.130953
0.472139
0.410202
1.482141
1.12735
0.470373
0.411558
1.482052
1.125285
0.46645
0.413925
1.480728
1.119464
0.466912
0.414076
1.479325
1.117258
0.466917
0.414024
1.479268
1.117213
0.466929
0.413996
1.479238
1.117197
0.466939
0.413982
1.479225
1.117193
0.466947
0.413973
1.479217
1.117191
0.466947
0.413973
1.479217
1.117191
