0.007043
0.006667
0.038849
0.031027
0.035883
0.015247
0.063762
0.092775
0.033304
0.008437
0.058572
0.08225
0.032478
0.007542
0.057597
0.080297
0.032566
0.007347
0.057609
0.080249
0.139806
0.033683
0.074488
0.172184
0.093857
0.028348
0.085165
0.153972
0.148679
0.045402
0.08185
0.190577
0.137254
0.04028
0.096295
0.195545
0.153028
0.045108
0.0979
0.208359
0.167211
0.050112
0.099856
0.220673
0.178877
0.053491
0.103293
0.232091
0.188595
0.056306
0.107362
0.242689
0.215813
0.063224
0.107392
0.260847
0.236257
0.067925
0.110769
0.277186
0.256713
0.07215
0.11374
0.292689
0.282258
0.076508
0.118809
0.312511
0.287184
0.076869
0.127049
0.322532
0.296761
0.078298
0.133989
0.33411
0.291059
0.07705
0.142158
0.33788
0.305526
0.07923
0.147458
0.350508
0.297679
0.077825
0.154865
0.352464
0.306999
0.079591
0.159116
0.361297
0.318198
0.081645
0.162406
0.370246
0.319828
0.082587
0.165999
0.374382
0.328914
0.083903
0.169036
0.381614
0.346173
0.085117
0.172551
0.392757
0.363768
0.085526
0.177323
0.404434
0.386859
0.084761
0.183835
0.418992
0.389559
0.083774
0.190648
0.424763
0.401144
0.081851
0.198983
0.434813
0.396271
0.081428
0.205684
0.437404
0.412223
0.079148
0.212413
0.44709
0.405514
0.072576
0.224875
0.450727
0.414985
0.070582
0.231301
0.457994
0.430966
0.066454
0.240231
0.468237
0.443721
0.062524
0.247217
0.476286
0.449491
0.058104
0.254361
0.480795
0.444297
0.059902
0.257747
0.481447
0.450175
0.056482
0.265444
0.486905
0.458967
0.050261
0.275902
0.493915
0.455628
0.05196
0.279679
0.495294
0.461712
0.04617
0.289712
0.50106
0.466052
0.040855
0.299083
0.505899
0.469993
0.03504
0.308598
0.510431
0.468296
0.035882
0.312078
0.511371
0.471052
0.030178
0.320629
0.514837
0.477474
0.014019
0.33611
0.520098
0.481442
0.001663
0.349156
0.524274
0.484054
0.007284
0.359806
0.527694
0.486849
0.021896
0.374377
0.531828
0.48953
0.040518
0.391653
0.536615
0.498264
0.033708
0.393841
0.540345
0.504547
0.028465
0.396936
0.543349
0.50445
0.032744
0.404656
0.545401
0.501085
0.051165
0.42057
0.548319
0.50017
0.063892
0.433269
0.551613
0.505662
0.064793
0.439743
0.555091
0.508978
0.072813
0.44987
0.558753
0.520475
0.06127
0.452628
0.562882
0.517537
0.072173
0.465936
0.56628
0.525468
0.046093
0.465935
0.569265
0.51817
0.049914
0.477458
0.5718
0.513261
0.022002
0.478744
0.572957
0.496229
0.030411
0.496317
0.575771
0.49696
0.020012
0.501209
0.578044
0.48779
0.002169
0.50498
0.578483
0.468283
0.002881
0.520068
0.579624
0.470771
0.018732
0.522306
0.581569
0.463092
0.008394
0.538973
0.584881
0.477986
0.005674
0.548394
0.58967
0.489762
0.008427
0.557531
0.594144
0.483939
0.006629
0.575374
0.59887
0.484718
0.022973
0.581259
0.599819
0.459362
0.008023
0.607901
0.604726
0.486021
0.014865
0.616665
0.611151
0.472432
0.008527
0.633215
0.614504
0.467838
0.025345
0.665136
0.627876
0.493521
0.002529
0.681367
0.636396
0.464214
0.025857
0.701201
0.634691
0.400287
0.064815
0.724723
0.622257
0.333832
0.153161
0.748575
0.598819
0.287289
0.155309
0.789219
0.593913
0.332041
0.172429
0.824794
0.611935
0.344972
0.169552
0.866538
0.631721
0.347483
0.201798
0.893122
0.636797
0.322999
0.21622
0.908173
0.631226
0.295595
0.24026
0.925618
0.623343
0.292536
0.251295
0.946724
0.629986
0.296179
0.266125
0.9708
0.640699
0.296363
0.279748
1.001422
0.655024
0.294595
0.295807
1.040614
0.673533
0.297169
0.299452
1.05515
0.683528
0.297204
0.295879
1.067242
0.692011
0.294197
0.312449
1.097643
0.705983
0.290795
0.350152
1.15106
0.730483
0.303311
0.350595
1.173706
0.754567
0.326865
0.339937
1.18988
0.781579
0.352682
0.354413
1.233704
0.825974
0.383176
0.384567
1.308187
0.88828
0.422692
0.391648
1.349259
0.946906
0.447956
0.363415
1.370214
1.00795
0.443244
0.414059
1.431725
1.041477
0.44485
0.405604
1.433141
1.051121
0.451614
0.419231
1.453109
1.069006
0.456513
0.504903
1.548424
1.117494
0.482038
0.482673
1.553915
1.15736
0.508651
0.502644
1.584936
1.193377
0.531498
0.504602
1.599061
1.22309
0.554091
0.499318
1.606514
1.248168
0.555755
0.541383
1.647606
1.268148
0.551947
0.541286
1.657303
1.283972
0.554187
0.526193
1.660191
1.307628
0.564877
0.530115
1.670494
1.324939
0.576635
0.525574
1.672012
1.338903
0.582577
0.518639
1.670554
1.346749
0.581417
0.518837
1.672058
1.348896
0.579971
0.519392
1.672775
1.348854
0.57913
0.519798
1.672888
1.348182
0.579081
0.519831
1.672887
1.34812
0.578487
0.520212
1.67282
1.347282
0.578198
0.520606
1.672689
1.346461
0.578468
0.520565
1.672572
1.346403
0.578647
0.520512
1.672476
1.346378
0.578709
0.520528
1.672473
1.346385
0.578709
0.520528
1.672473
1.346385
