0.000085
0.000107
0.001081
0.000886
0.000352
0.000149
0.004599
0.004347
0.000101
2.2973e-6
0.002428
0.002132
0.000168
0.000036
0.002331
0.002071
0.00023
0.000018
0.002594
0.002394
0.000345
0.000015
0.003249
0.003044
0.000391
0.000102
0.003177
0.003038
0.000431
0.000073
0.003257
0.00303
0.000626
0.000186
0.004558
0.004481
0.000562
0.000209
0.004038
0.00377
0.000606
0.000213
0.004539
0.004166
0.000651
0.000211
0.004895
0.004401
0.00064
0.000237
0.005038
0.004417
0.000707
0.000279
0.005394
0.004745
0.000672
0.000329
0.005458
0.004571
0.000524
0.000679
0.006176
0.005056
0.000519
0.000756
0.00631
0.004892
0.000511
0.000674
0.006346
0.004356
0.005079
0.0032
0.020235
0.015883
0.007317
0.005314
0.035144
0.024745
0.008281
0.00766
0.047936
0.032663
0.006544
0.005075
0.054554
0.034021
0.013673
0.013377
0.056557
0.030623
0.001213
0.000754
0.008599
0.001163
0.005478
0.002666
0.019097
0.005621
0.001716
0.000358
0.007776
0.00033
0.002747
0.001239
0.018353
0.008906
0.002034
0.000262
0.012363
0.00463
0.002399
0.000246
0.018925
0.008544
0.002077
0.000144
0.012142
0.004103
0.003314
0.000991
0.022107
0.008351
0.002519
6.2985e-6
0.008783
0.001404
0.00398
0.001438
0.020808
0.006707
0.00475
0.001895
0.02235
0.006538
0.00454
0.001429
0.019982
0.002568
0.004728
0.001342
0.021561
0.005738
0.004426
0.000771
0.020529
0.003853
0.005389
0.001478
0.024959
0.00375
0.004949
0.00052
0.021122
0.001243
0.006554
0.002192
0.024226
0.001374
0.006326
0.001783
0.024562
0.003785
0.005402
0.001083
0.015086
0.003271
0.004941
0.000449
0.024536
0.009183
0.005454
0.000874
0.019643
0.001326
0.005011
0.000526
0.018279
0.003574
0.004702
0.000253
0.020373
0.003908
0.005166
0.00066
0.020137
0.003399
0.004192
0.00025
0.02115
0.006911
0.004426
0.0001
0.021036
0.0062
0.004718
0.000329
0.019111
0.003477
0.004327
2.7906e-6
0.022459
0.006435
0.004769
0.000458
0.01955
0.002147
0.00462
0.00039
0.020021
0.003136
0.002947
0.001144
0.023923
0.009641
0.003144
0.000731
0.022103
0.010482
0.002526
0.001206
0.016295
0.008862
0.002171
0.001448
0.008321
0.008443
0.001591
0.001981
0.006898
0.013021
0.001947
0.000224
0.004032
0.01607
0.002045
0.000145
0.002553
0.019011
0.001104
0.001058
0.005711
0.016281
0.000765
0.001391
0.005351
0.015081
0.000734
0.001421
0.005578
0.015119
0.000706
0.001448
0.005528
0.014983
0.000712
0.001443
0.005543
0.015022
0.000729
0.001426
0.005538
0.01512
0.000733
0.001422
0.005409
0.015057
0.000735
0.00142
0.005429
0.015066
0.000716
0.001437
0.005423
0.014929
0.000732
0.001423
0.00564
0.015196
0.000724
0.00143
0.00537
0.014943
0.000722
0.001432
0.005317
0.014918
0.000736
0.001419
0.005482
0.015073
0.00071
0.001444
0.005466
0.014946
0.000721
0.001435
0.005602
0.015158
0.000732
0.001422
0.005436
0.015022
0.000728
0.001426
0.005376
0.015016
0.000744
0.00141
0.005521
0.015126
0.000719
0.001435
0.005493
0.015009
0.000711
0.001444
0.005502
0.015043
0.000722
0.001432
0.005421
0.014994
0.000728
0.001425
0.005291
0.014864
0.000733
0.001421
0.005446
0.014943
0.000712
0.001443
0.005556
0.015054
0.00072
0.001433
0.005444
0.014943
0.000734
0.001421
0.005464
0.015068
0.000734
0.001421
0.005464
0.015068
