0.00278
0.004373
0.045753
0.038604
0.002021
0.001104
0.064807
0.065642
0.001747
0.004048
0.060755
0.058389
0.004651
0.003254
0.064638
0.065929
0.004543
0.003732
0.063604
0.064313
0.010307
0.002435
0.071524
0.079211
0.009289
0.003277
0.067855
0.073691
0.011754
0.002609
0.071477
0.080407
0.016864
0.0017
0.07953
0.094398
0.018438
0.001528
0.079236
0.095828
0.019986
0.001432
0.080518
0.098716
0.022015
0.001236
0.082468
0.102848
0.023627
0.001013
0.084286
0.106467
0.025296
0.000622
0.085701
0.109905
0.026706
0.000361
0.087296
0.113133
0.02966
0.002083
0.08248
0.113487
0.02741
0.000429
0.090614
0.117877
0.027682
0.001611
0.084079
0.10961
0.027441
0.00116
0.083786
0.109525
0.029405
0.000691
0.087398
0.115522
0.028799
0.000714
0.085699
0.113209
0.033674
0.000261
0.091284
0.124536
0.031489
0.000093
0.089694
0.120624
0.036349
0.000915
0.09408
0.130581
0.036416
0.001172
0.096891
0.133687
0.034429
0.000245
0.091814
0.125743
0.041333
0.001531
0.102552
0.14445
0.041927
0.002628
0.10334
0.146896
0.042809
0.002702
0.104
0.148483
0.045931
0.003188
0.107296
0.155283
0.042143
0.002946
0.104009
0.148049
0.04516
0.002585
0.103732
0.15036
0.04702
0.002983
0.105242
0.154067
0.053059
0.004379
0.110193
0.166252
0.047548
0.00378
0.111912
0.161957
0.050401
0.004375
0.109517
0.162946
0.051272
0.004179
0.111494
0.165557
0.054852
0.00482
0.114375
0.172529
0.054775
0.005337
0.115728
0.174287
0.058351
0.0059
0.118101
0.180663
0.059988
0.006694
0.12063
0.185514
0.061374
0.007301
0.123018
0.189795
0.055523
0.006284
0.123985
0.184036
0.066402
0.007892
0.121798
0.194012
0.068717
0.007962
0.128293
0.202697
0.069666
0.008503
0.131652
0.207438
0.072922
0.009552
0.134448
0.214337
0.064087
0.008481
0.138445
0.208645
0.064782
0.008615
0.127939
0.199011
0.070082
0.008842
0.128032
0.204465
0.069291
0.007946
0.132176
0.206896
0.067099
0.007548
0.133655
0.205817
0.066929
0.007962
0.131673
0.204107
0.077738
0.009449
0.132448
0.216756
0.07016
0.008495
0.13849
0.214421
0.069152
0.0092
0.135648
0.211316
0.078782
0.010313
0.136904
0.222889
0.071972
0.009327
0.142531
0.220878
0.077693
0.010295
0.141625
0.226421
0.077118
0.01038
0.14408
0.228344
0.084635
0.011296
0.146601
0.238875
0.076169
0.010673
0.152386
0.235797
0.076194
0.012153
0.146817
0.231779
0.078318
0.012261
0.146242
0.233326
0.079587
0.011989
0.147605
0.235599
0.076963
0.011536
0.149413
0.234408
0.084359
0.0121
0.14967
0.242252
0.078886
0.011686
0.153468
0.240314
0.081804
0.012436
0.151892
0.242275
0.097524
0.01329
0.152015
0.258121
0.084171
0.011749
0.163217
0.25486
0.083202
0.013791
0.159687
0.25245
0.090108
0.014333
0.159356
0.259151
0.091746
0.014238
0.162283
0.263437
0.090917
0.014245
0.164791
0.265087
0.085624
0.014258
0.167554
0.262739
0.085116
0.014415
0.167272
0.262127
0.088258
0.015064
0.165533
0.264025
0.094916
0.015233
0.165977
0.270877
0.08826
0.014859
0.170666
0.26876
0.088004
0.016324
0.167796
0.267122
0.097313
0.016236
0.167951
0.275904
0.090241
0.015452
0.173625
0.273971
0.092917
0.015963
0.172781
0.276158
0.094232
0.016192
0.173144
0.277949
0.097244
0.016221
0.174362
0.281956
0.091826
0.016205
0.177939
0.280303
0.092017
0.017942
0.175188
0.279454
0.096898
0.017808
0.174848
0.283547
0.096486
0.017502
0.177174
0.285091
0.103869
0.016942
0.179068
0.293237
0.108236
0.016323
0.183283
0.30071
0.104985
0.016516
0.187406
0.301827
0.097375
0.017608
0.191186
0.299413
0.099337
0.018768
0.189768
0.300918
0.10388
0.019009
0.189055
0.304635
0.103946
0.019028
0.190551
0.306132
0.106078
0.018844
0.192191
0.30946
0.105754
0.01906
0.193876
0.310967
0.105629
0.019295
0.195164
0.312285
0.105871
0.019569
0.196109
0.313646
0.101571
0.020556
0.197809
0.312211
0.099913
0.022759
0.196383
0.311354
0.100582
0.023335
0.194716
0.310903
0.100716
0.022884
0.1943
0.310192
0.105478
0.022024
0.194351
0.313789
0.10581
0.021645
0.196032
0.315326
0.103504
0.021562
0.197678
0.314663
0.104949
0.021684
0.198228
0.316645
0.106031
0.021659
0.198942
0.318278
0.102915
0.022189
0.200574
0.317473
0.107168
0.022353
0.200475
0.321396
0.107925
0.022178
0.201582
0.322964
0.103951
0.022706
0.203824
0.32195
0.10351
0.024435
0.202709
0.322071
0.105921
0.024667
0.202133
0.323942
0.107076
0.024135
0.20317
0.325465
0.098611
0.02519
0.204023
0.319552
0.102822
0.025909
0.200247
0.320488
0.103134
0.025328
0.200448
0.320436
0.103412
0.024333
0.200755
0.320039
0.109892
0.023066
0.201389
0.325338
0.11139
0.022242
0.203977
0.328354
0.11516
0.021214
0.206484
0.333161
0.106996
0.021936
0.21172
0.331399
0.106011
0.025721
0.209672
0.331997
0.114109
0.025352
0.209825
0.339106
0.10846
0.024765
0.214355
0.337747
0.110535
0.025016
0.214017
0.339501
0.116075
0.023866
0.214932
0.344241
0.110089
0.024459
0.218546
0.342798
0.108585
0.027824
0.217579
0.343611
0.10928
0.028487
0.216541
0.343897
0.115709
0.026698
0.217228
0.348625
0.117302
0.025555
0.219644
0.351214
0.122596
0.023479
0.22267
0.356795
0.113259
0.024508
0.228205
0.354607
0.12226
0.023799
0.229116
0.362681
0.120146
0.024247
0.230114
0.362126
0.120107
0.025224
0.230108
0.362392
0.12001
0.024829
0.231215
0.363626
0.124958
0.023359
0.232405
0.367646
0.118337
0.025339
0.235126
0.366071
0.131027
0.022405
0.237275
0.376452
0.122331
0.024276
0.241429
0.374278
0.121342
0.026447
0.242306
0.376201
0.120156
0.029915
0.240465
0.376592
0.117446
0.034415
0.239932
0.377797
0.127009
0.030119
0.242208
0.384258
0.125697
0.029675
0.244726
0.384989
0.123974
0.029955
0.245624
0.384522
0.121875
0.030441
0.246709
0.384165
0.122391
0.030957
0.247472
0.385777
0.12774
0.028999
0.248541
0.389566
0.129365
0.027914
0.250429
0.391674
0.128243
0.028113
0.25202
0.392295
0.129755
0.027641
0.253548
0.394497
0.127883
0.02855
0.254038
0.394095
0.12271
0.032333
0.254636
0.393572
0.120612
0.037973
0.25296
0.395267
0.122439
0.038353
0.251894
0.395503
0.129319
0.036651
0.251402
0.397861
0.135956
0.032597
0.253524
0.402708
0.135461
0.030643
0.256013
0.404236
0.130524
0.031128
0.259189
0.403101
0.155148
0.028282
0.25632
0.404083
0.156053
0.011472
0.275726
0.421477
0.15721
0.011212
0.278979
0.422734
0.156904
0.009242
0.282316
0.426053
0.153836
0.011052
0.282657
0.425223
0.14593
0.016599
0.283165
0.4244
0.142894
0.021536
0.28131
0.423504
0.147589
0.020105
0.282516
0.424816
0.147663
0.018259
0.28602
0.428383
0.148707
0.018266
0.288019
0.430989
0.14831
0.01892
0.289712
0.432674
0.144699
0.022003
0.292008
0.434793
0.138255
0.031519
0.293534
0.438842
0.138852
0.035251
0.295363
0.443835
0.144218
0.031009
0.298535
0.447135
0.144573
0.031148
0.299075
0.447924
0.146112
0.029936
0.30121
0.449736
0.148459
0.027849
0.303828
0.45206
0.148347
0.028621
0.303742
0.451568
0.148138
0.028307
0.304709
0.453065
0.149824
0.02588
0.308014
0.454898
0.148356
0.029362
0.306609
0.455241
0.149552
0.029141
0.308602
0.457654
0.149995
0.028652
0.310476
0.459165
0.152054
0.026341
0.313231
0.461018
0.15014
0.027986
0.314743
0.46248
0.146238
0.036927
0.312249
0.464119
0.146401
0.038543
0.312573
0.463966
0.146228
0.038944
0.314685
0.467801
0.146625
0.039222
0.315119
0.468172
0.146926
0.038911
0.316477
0.469817
0.150776
0.03378
0.321218
0.472508
0.149459
0.034945
0.322535
0.473703
0.152275
0.031738
0.326456
0.476114
0.150277
0.039606
0.323387
0.478499
0.144018
0.050201
0.32368
0.482727
0.138429
0.057746
0.326873
0.48767
0.139578
0.055968
0.329212
0.489216
0.141197
0.054182
0.330649
0.490174
0.142484
0.052633
0.332022
0.491014
0.142614
0.053845
0.332023
0.492175
0.142197
0.055744
0.332727
0.494147
0.14235
0.055642
0.333544
0.49394
0.142526
0.054924
0.334778
0.495461
0.145531
0.049583
0.338967
0.496749
0.146496
0.048816
0.339627
0.497337
0.147351
0.047881
0.340444
0.497824
0.146732
0.050803
0.339005
0.498466
0.143945
0.055682
0.338837
0.500212
0.143216
0.056671
0.339101
0.500757
0.144771
0.052469
0.344105
0.502609
0.146182
0.051653
0.344483
0.503234
0.147206
0.050945
0.345007
0.503772
0.147882
0.050335
0.34566
0.504225
0.147008
0.053467
0.344434
0.505106
0.146605
0.053195
0.346057
0.505855
0.149423
0.048109
0.349867
0.506799
0.14952
0.050301
0.34823
0.50716
0.152665
0.044372
0.352829
0.508272
0.153084
0.04456
0.352852
0.508676
0.151831
0.049618
0.350074
0.509342
0.150406
0.050725
0.35081
0.509673
0.152316
0.045685
0.355236
0.510439
0.154338
0.04341
0.356675
0.511134
0.154895
0.043785
0.356537
0.511623
0.153168
0.048988
0.354321
0.512472
0.153644
0.046277
0.357852
0.513252
0.15808
0.03778
0.363907
0.514383
0.16608
0.027419
0.369434
0.515892
0.167393
0.04006
0.35927
0.517911
0.155985
0.053519
0.359265
0.520017
0.151
0.054748
0.36357
0.520818
0.152017
0.053953
0.364645
0.521742
0.158418
0.039166
0.375116
0.522812
0.161213
0.040979
0.372507
0.523846
0.161138
0.031311
0.381386
0.516234
0.171248
0.016768
0.389391
0.523035
0.174875
0.019281
0.386495
0.523047
0.177244
0.01847
0.386319
0.527056
0.175879
0.018812
0.386976
0.525236
0.172803
0.014731
0.391857
0.515726
0.199426
0.043666
0.425255
0.523908
0.217301
0.013511
0.39816
0.535159
0.213506
0.00812
0.398399
0.535595
0.206997
0.005125
0.400103
0.533373
0.200127
0.000781
0.400441
0.530836
0.194551
0.013645
0.3951
0.534026
0.179729
0.016504
0.405987
0.53493
0.173865
0.0344
0.403029
0.540184
0.16612
0.041984
0.408895
0.546153
0.160188
0.05625
0.40867
0.551918
0.151063
0.07031
0.411712
0.559163
0.147342
0.074816
0.412967
0.559325
0.138238
0.064543
0.427292
0.54821
0.152984
0.064798
0.424545
0.564582
0.158832
0.06804
0.420843
0.56838
0.160637
0.067585
0.421636
0.569599
0.162429
0.062801
0.425222
0.569703
0.162876
0.064568
0.424148
0.570081
0.161755
0.060851
0.428055
0.567822
0.171256
0.042556
0.437868
0.568907
0.173513
0.042044
0.436824
0.566315
0.178875
0.046018
0.431581
0.569013
0.181098
0.039085
0.435815
0.56845
0.194776
0.021695
0.47081
0.55824
0.219922
0.001495
0.444024
0.562478
0.222688
0.008962
0.435949
0.562772
0.220696
0.012162
0.4346
0.563062
0.199824
0.031687
0.432586
0.561621
0.173768
0.04384
0.445892
0.567286
0.165926
0.052879
0.446226
0.56582
0.155238
0.05158
0.456204
0.560952
0.167733
0.057381
0.453573
0.574666
0.177497
0.053619
0.453082
0.576725
0.177133
0.053065
0.454042
0.575231
0.185208
0.04951
0.453394
0.577081
0.18655
0.043799
0.456211
0.575794
0.179428
0.029091
0.468813
0.566448
0.190247
0.037112
0.459288
0.571339
0.191844
0.036425
0.460759
0.574198
0.18986
0.021122
0.47178
0.569961
0.200125
0.033688
0.458486
0.57086
0.197607
0.029732
0.463168
0.568746
0.214022
0.029954
0.494201
0.560159
0.243449
0.016522
0.454909
0.568915
0.220336
0.015115
0.458769
0.556945
0.21745
0.022694
0.452889
0.553912
0.196284
0.04935
0.438553
0.548672
0.187059
0.007972
0.466777
0.534546
0.207494
0.024607
0.446132
0.533717
0.219351
0.007211
0.45699
0.534676
0.229441
0.008745
0.452457
0.534649
0.233551
0.013434
0.464141
0.527451
0.241145
0.014088
0.45133
0.536912
0.223655
0.003409
0.47146
0.529904
0.228803
0.026586
0.45636
0.535469
0.197286
0.033581
0.472964
0.534462
0.175389
0.06824
0.47987
0.550099
0.168964
0.083375
0.480271
0.556307
0.16092
0.102076
0.489471
0.574751
0.171718
0.072196
0.518655
0.575854
0.178642
0.077901
0.516398
0.581647
0.176024
0.058682
0.532899
0.575365
0.195225
0.049685
0.53299
0.575034
0.202194
0.058491
0.525059
0.576224
0.194773
0.067099
0.522839
0.577074
0.18793
0.026618
0.550031
0.556587
0.170494
0.004435
0.566315
0.521196
0.241292
0.026287
0.523609
0.545557
0.236267
0.043576
0.507796
0.543323
0.205743
0.039711
0.502813
0.513633
0.190426
0.043374
0.490349
0.492912
0.184038
0.031619
0.510258
0.485005
0.190209
0.045829
0.50273
0.481364
0.199571
0.048161
0.501652
0.490168
0.194014
0.039828
0.514324
0.481035
0.184606
0.065852
0.515177
0.49015
0.17946
0.071593
0.521186
0.49624
0.172968
0.085683
0.523693
0.501196
0.166161
0.098129
0.53035
0.510114
0.137134
0.1013
0.551232
0.473886
0.150027
0.085826
0.576531
0.491018
0.163995
0.089308
0.579062
0.495251
0.161829
0.086483
0.589205
0.486016
0.163317
0.091548
0.589598
0.483043
0.155567
0.10011
0.593863
0.47651
0.144732
0.120572
0.600509
0.482911
0.13873
0.129975
0.608652
0.489062
0.140561
0.132689
0.604907
0.499211
0.134302
0.130994
0.61293
0.497371
0.135456
0.128946
0.622294
0.500144
0.139506
0.127581
0.62904
0.504065
0.139302
0.128085
0.629683
0.504441
0.1384
0.128809
0.630323
0.504736
0.13419
0.122718
0.646016
0.487807
0.141581
0.121535
0.65051
0.483708
0.143365
0.120873
0.654031
0.475396
0.144185
0.120451
0.653653
0.465646
0.143972
0.128118
0.642349
0.465278
0.131568
0.12508
0.651583
0.430157
0.137069
0.132747
0.649333
0.433903
0.127945
0.132152
0.668417
0.412412
0.131439
0.138692
0.673726
0.417124
0.124661
0.140374
0.683816
0.405417
0.125955
0.144095
0.68463
0.407538
0.125058
0.147828
0.685513
0.410578
0.123484
0.147959
0.683557
0.40987
0.119935
0.146622
0.69379
0.396732
0.123692
0.14748
0.69526
0.398929
0.119354
0.146698
0.704764
0.386102
0.117655
0.146011
0.71355
0.373395
0.119382
0.146551
0.714022
0.373068
0.12158
0.146803
0.713962
0.374361
0.118977
0.147288
0.721355
0.361509
0.121243
0.149378
0.718989
0.363325
0.115633
0.149411
0.721206
0.349045
0.11572
0.149582
0.719906
0.348206
0.117301
0.150786
0.711972
0.348478
0.117171
0.151194
0.709552
0.348743
0.109178
0.148869
0.724007
0.320976
0.110857
0.148234
0.729781
0.30713
0.113312
0.148791
0.729882
0.306004
0.108242
0.147299
0.747482
0.281642
0.107414
0.14714
0.753602
0.268685
0.096897
0.144293
0.783181
0.222347
0.091854
0.140835
0.809685
0.180871
0.094781
0.14107
0.808174
0.184708
0.091128
0.138176
0.805398
0.169689
0.090052
0.137888
0.793229
0.169401
0.084219
0.136263
0.764064
0.16119
0.084432
0.135819
0.760876
0.163081
0.081805
0.132616
0.770027
0.151305
0.080887
0.130527
0.771899
0.146805
0.081235
0.129471
0.770874
0.149693
0.082063
0.125186
0.768081
0.163956
0.081147
0.123146
0.764369
0.171267
0.07922
0.121591
0.770039
0.165508
0.079238
0.121128
0.770253
0.167083
0.075984
0.117864
0.781498
0.156831
0.074241
0.115728
0.786107
0.15361
0.074046
0.115428
0.785792
0.155051
0.074554
0.111886
0.785724
0.165559
0.075018
0.106267
0.785118
0.182075
0.074642
0.100511
0.782865
0.199544
0.074578
0.093903
0.779388
0.219997
0.075515
0.085921
0.775703
0.244178
0.075646
0.075693
0.770908
0.277487
0.074879
0.064457
0.767819
0.318371
0.074128
0.053275
0.76829
0.369981
0.069281
0.048949
0.77835
0.446744
0.06124
0.067157
0.799677
0.5099
0.049585
0.108339
0.830779
0.561664
0.046403
0.112552
0.837266
0.566014
0.052124
0.110504
0.851504
0.575671
0.053233
0.109708
0.857057
0.578745
0.05324
0.109192
0.861643
0.580901
0.051307
0.1085
0.871428
0.5848
0.054166
0.105514
0.885913
0.592039
0.053691
0.10573
0.887012
0.592486
0.053691
0.10573
0.887012
0.592486
