0.003259
0.004242
0.046199
0.038704
0.006587
0.000718
0.074567
0.081712
0.00611
0.001763
0.066789
0.070986
0.007025
0.003708
0.066026
0.069206
0.012059
0.002207
0.073641
0.083272
0.013844
0.002328
0.073793
0.085066
0.016242
0.002029
0.07636
0.090286
0.017949
0.001816
0.078662
0.094474
0.019684
0.001751
0.08047
0.09805
0.023767
0.001449
0.086792
0.108676
0.02477
0.000674
0.086212
0.109845
0.025803
0.000555
0.087006
0.111758
0.02511
0.000577
0.085062
0.109102
0.024643
0.004056
0.078394
0.106041
0.045927
0.003825
0.077472
0.126155
0.032501
0.001321
0.098249
0.131348
0.036611
0.003874
0.090882
0.130395
0.03559
0.001659
0.101539
0.137984
0.038531
0.00191
0.100066
0.139654
0.041209
0.00253
0.103576
0.146371
0.038698
0.002387
0.10299
0.143146
0.043389
0.002816
0.104756
0.149939
0.038938
0.00227
0.100777
0.14105
0.044919
0.002649
0.101932
0.148429
0.04518
0.002787
0.104835
0.151696
0.048252
0.005164
0.100901
0.152873
0.051027
0.001957
0.118398
0.170037
0.04972
0.003804
0.111993
0.164203
0.04913
0.004292
0.108509
0.160648
0.051943
0.006928
0.102545
0.159701
0.051637
0.005062
0.106828
0.16218
0.057443
0.008086
0.102653
0.166216
0.060233
0.007447
0.111108
0.177124
0.059473
0.008937
0.110875
0.177259
0.06911
0.011543
0.108342
0.186474
0.05683
0.00512
0.126354
0.186529
0.059622
0.006478
0.123428
0.187703
0.055484
0.005737
0.121206
0.180729
0.055757
0.004937
0.114587
0.173601
0.065526
0.006617
0.118365
0.188502
0.059744
0.005725
0.12355
0.187105
0.062033
0.006509
0.123088
0.189629
0.063087
0.006779
0.124294
0.192099
0.064757
0.007664
0.12357
0.193703
0.062854
0.007615
0.127601
0.195898
0.073555
0.009044
0.129139
0.209185
0.067066
0.008133
0.134462
0.207219
0.071988
0.011823
0.129258
0.209598
0.070201
0.00877
0.138332
0.214645
0.075152
0.009645
0.140512
0.22243
0.070817
0.009124
0.143501
0.22064
0.07244
0.010031
0.142579
0.222208
0.074435
0.01149
0.139819
0.222503
0.071008
0.010269
0.142647
0.221057
0.069291
0.010164
0.139701
0.216396
0.083938
0.018663
0.12426
0.221108
0.078575
0.010938
0.14292
0.229137
0.078854
0.011054
0.147166
0.233698
0.082536
0.013687
0.143654
0.235511
0.077198
0.011056
0.151525
0.236331
0.095551
0.019376
0.137694
0.245559
0.086745
0.011997
0.15815
0.252719
0.095207
0.012854
0.161669
0.265046
0.090051
0.013504
0.164535
0.263598
0.094745
0.015949
0.159955
0.265202
0.094862
0.015059
0.161791
0.266783
0.097509
0.01702
0.159471
0.26798
0.09198
0.014635
0.16821
0.269748
0.094558
0.016939
0.165608
0.27078
0.103693
0.01712
0.164627
0.278944
0.09681
0.014323
0.177089
0.282512
0.10517
0.017292
0.172075
0.286786
0.113142
0.015527
0.174534
0.296695
0.119283
0.014224
0.180806
0.30689
0.111042
0.013778
0.186568
0.304214
0.112464
0.017392
0.184404
0.304927
0.112
0.014003
0.191275
0.309989
0.126506
0.021679
0.178928
0.31337
0.130658
0.013191
0.190413
0.325662
0.142328
0.013113
0.190183
0.334426
0.11614
0.010287
0.212038
0.329599
0.124347
0.011804
0.215795
0.342131
0.119818
0.016034
0.21261
0.338898
0.12275
0.017019
0.210492
0.339927
0.118428
0.018017
0.214361
0.340645
0.121733
0.018082
0.215984
0.345116
0.128516
0.021158
0.211606
0.346465
0.133904
0.015483
0.21841
0.356035
0.138325
0.016397
0.217453
0.358018
0.139256
0.013426
0.222687
0.362718
0.1489
0.01332
0.221284
0.366897
0.149898
0.011593
0.223163
0.369
0.151481
0.006739
0.23424
0.377006
0.123366
0.009954
0.251128
0.371495
0.129881
0.012598
0.250477
0.37861
0.135512
0.013962
0.249364
0.383498
0.134815
0.0157
0.250375
0.385373
0.136631
0.016035
0.251832
0.388416
0.140077
0.018347
0.249244
0.387532
0.149773
0.00997
0.257899
0.399345
0.151916
0.008196
0.263279
0.404382
0.150918
0.00772
0.267775
0.407007
0.146054
0.010865
0.270258
0.407813
0.142613
0.014578
0.272006
0.409648
0.142883
0.016803
0.271401
0.409692
0.149199
0.013318
0.276544
0.417561
0.143474
0.017451
0.278938
0.419001
0.146416
0.017818
0.282148
0.423978
0.151254
0.017672
0.282011
0.423109
0.150526
0.015276
0.286763
0.428561
0.142012
0.025738
0.286285
0.430566
0.150107
0.021124
0.293478
0.439048
0.149522
0.021366
0.295523
0.440584
0.150682
0.021458
0.296178
0.439877
0.151807
0.018474
0.299477
0.443327
0.151715
0.019109
0.30059
0.444435
0.153554
0.018324
0.303235
0.447187
0.154032
0.018749
0.305072
0.44935
0.153194
0.020507
0.304887
0.449188
0.157194
0.017019
0.308459
0.449611
0.160132
0.011954
0.314133
0.454939
0.165026
0.007503
0.317623
0.45169
0.167511
0.002191
0.322119
0.458655
0.168082
0.003939
0.322966
0.46176
0.167081
0.004909
0.325252
0.46349
0.165601
0.007938
0.326434
0.465317
0.166182
0.009047
0.328412
0.467888
0.161335
0.018114
0.327919
0.471596
0.150775
0.029569
0.333483
0.478151
0.149854
0.03421
0.337501
0.483327
0.151739
0.038152
0.334167
0.484771
0.157683
0.032751
0.338865
0.488835
0.155197
0.040602
0.337605
0.492427
0.14822
0.053111
0.339722
0.499465
0.146301
0.054365
0.342818
0.500052
0.145861
0.053654
0.346058
0.503283
0.151638
0.043699
0.353178
0.505317
0.15445
0.042381
0.353854
0.506683
0.155798
0.037884
0.357867
0.502969
0.159859
0.037508
0.35699
0.508552
0.161799
0.035788
0.358827
0.509978
0.16316
0.032753
0.361802
0.510767
0.163567
0.031367
0.363331
0.508314
0.16607
0.020343
0.3719
0.511175
0.166548
0.020816
0.371503
0.510208
0.177097
0.005301
0.379848
0.512637
0.181315
0.022982
0.366193
0.517283
0.178068
0.02157
0.372092
0.515477
0.175817
0.019017
0.378101
0.518385
0.176094
0.017612
0.38028
0.51759
0.181969
0.008192
0.385787
0.519582
0.183648
0.012765
0.381797
0.519227
0.183433
0.003543
0.389951
0.514244
0.184503
0.019004
0.406334
0.51695
0.185292
0.034225
0.417491
0.506157
0.199688
0.040229
0.413906
0.516479
0.198605
0.042371
0.416146
0.509362
0.202729
0.051257
0.42076
0.514091
0.210228
0.055702
0.418318
0.507366
0.222315
0.062676
0.414728
0.511961
0.221852
0.063113
0.415809
0.507197
0.247623
0.054777
0.396516
0.511371
0.250304
0.045087
0.388314
0.508592
0.251164
0.053097
0.391393
0.504901
0.247001
0.064434
0.397758
0.503807
0.237245
0.073656
0.409447
0.492737
0.234133
0.086713
0.418832
0.496353
0.243508
0.077018
0.405802
0.494991
0.248268
0.056147
0.390813
0.496216
0.237644
0.047447
0.39359
0.491357
0.228539
0.045464
0.399593
0.493477
0.218963
0.039884
0.403816
0.499733
0.202234
0.032576
0.413026
0.498707
0.18758
0.02705
0.423311
0.499097
0.177066
0.009973
0.429027
0.514138
0.158079
0.009473
0.436746
0.517029
0.148186
0.025108
0.444416
0.528893
0.142985
0.043199
0.447558
0.540871
0.145326
0.09086
0.433742
0.565223
0.157425
0.083713
0.439183
0.570975
0.164578
0.082019
0.442056
0.576305
0.169449
0.079041
0.447754
0.58151
0.170579
0.070966
0.457183
0.583329
0.171119
0.072196
0.45704
0.584259
0.165579
0.056875
0.471427
0.578993
0.178727
0.057052
0.467301
0.583763
0.188573
0.041651
0.474361
0.582116
0.191866
0.042432
0.47194
0.582872
0.187907
0.0414
0.474673
0.581348
0.181567
0.043432
0.478811
0.581902
0.175739
0.04601
0.481419
0.5781
0.168351
0.036461
0.492823
0.574746
0.159293
0.014984
0.512389
0.571574
0.167973
0.008024
0.513038
0.569495
0.173565
0.0139
0.52432
0.56457
0.192735
0.015869
0.516972
0.569156
0.23062
0.015991
0.499633
0.566824
0.233284
0.009943
0.495238
0.565138
0.22478
0.027399
0.507509
0.559111
0.224679
0.034801
0.509097
0.560071
0.222756
0.031903
0.504067
0.550757
0.228572
0.028087
0.494456
0.547136
0.220219
0.033478
0.495749
0.529927
0.220935
0.012927
0.471872
0.533974
0.206035
0.017811
0.48523
0.545031
0.178452
0.008745
0.506544
0.531963
0.173941
0.070374
0.494019
0.557231
0.177124
0.070151
0.500711
0.566824
0.170614
0.055196
0.519208
0.560074
0.176245
0.052078
0.520898
0.55759
0.196584
0.063571
0.509177
0.568265
0.177853
0.054971
0.521731
0.544302
0.176039
0.01972
0.547351
0.551723
0.18531
0.02091
0.543505
0.5523
0.216419
0.035851
0.524378
0.557257
0.206618
0.030833
0.530477
0.542173
0.219595
0.001534
0.539583
0.534
0.241902
0.03614
0.51031
0.540022
0.208089
0.052457
0.505117
0.527578
0.187076
0.053539
0.50931
0.512967
0.168761
0.043965
0.521016
0.503234
0.156893
0.042839
0.524577
0.499262
0.144339
0.057697
0.520468
0.491237
0.154189
0.095785
0.501873
0.503662
0.139531
0.080303
0.523646
0.475238
0.155154
0.067565
0.528107
0.485971
0.169641
0.074394
0.519063
0.491238
0.177741
0.07269
0.519019
0.489648
0.174986
0.068124
0.525211
0.486465
0.172854
0.073816
0.528672
0.483846
0.174543
0.070212
0.538926
0.481904
0.16595
0.071387
0.545642
0.464118
0.179708
0.074332
0.542982
0.476777
0.171801
0.079352
0.551153
0.475784
0.162444
0.081677
0.559983
0.471709
0.148747
0.102094
0.567875
0.468268
0.14108
0.119473
0.58096
0.471875
0.13464
0.123249
0.593253
0.465402
0.130392
0.122461
0.607165
0.462985
0.135324
0.130654
0.606635
0.469381
0.137136
0.131436
0.607898
0.471275
0.129436
0.131866
0.617323
0.455752
0.135907
0.129238
0.61959
0.464115
0.13181
0.125294
0.630448
0.454053
0.136052
0.126907
0.631123
0.456706
0.137483
0.129288
0.634833
0.460133
0.136408
0.13361
0.639047
0.463704
0.131443
0.133015
0.649282
0.453795
0.132535
0.133296
0.650234
0.454276
0.127264
0.130289
0.660549
0.443228
0.131974
0.13278
0.660134
0.445702
0.133851
0.136729
0.663119
0.449918
0.128315
0.136638
0.672563
0.43871
0.122727
0.134177
0.689399
0.415976
0.126149
0.134442
0.690064
0.417544
0.132001
0.140479
0.693761
0.42304
0.131007
0.142878
0.696176
0.423983
0.129895
0.145115
0.696159
0.425702
0.114081
0.142587
0.718731
0.395187
0.117599
0.143751
0.715171
0.399344
0.118069
0.143142
0.722508
0.387472
0.126247
0.146659
0.720978
0.389991
0.127371
0.14767
0.720203
0.391714
0.121923
0.148018
0.72058
0.376518
0.121882
0.148317
0.716513
0.375886
0.121607
0.148894
0.712088
0.375449
0.106973
0.149462
0.729037
0.339661
0.109737
0.146206
0.723592
0.332179
0.113535
0.146081
0.720988
0.317669
0.116342
0.145946
0.718104
0.301993
0.112724
0.14631
0.724643
0.288765
0.1095
0.146504
0.729482
0.276033
0.11084
0.149059
0.72827
0.278629
0.110422
0.150367
0.726574
0.282813
0.109489
0.150476
0.724164
0.282765
0.10885
0.150495
0.723213
0.282737
0.108211
0.150503
0.722924
0.282696
0.108166
0.150492
0.722956
0.282648
0.108243
0.150449
0.723333
0.282623
0.108457
0.150422
0.724167
0.282622
0.108529
0.150409
0.72452
0.282659
0.108576
0.150413
0.724868
0.282708
0.108538
0.150416
0.72591
0.282912
0.108442
0.15042
0.726401
0.283057
0.108305
0.150427
0.726846
0.283216
0.108073
0.150473
0.727862
0.283594
0.108039
0.150494
0.72821
0.28374
0.108018
0.150513
0.728461
0.283805
0.108113
0.150517
0.729182
0.284099
0.108268
0.150534
0.729806
0.284265
0.108322
0.150509
0.729885
0.284286
0.108305
0.150502
0.729835
0.284247
0.108273
0.150517
0.729675
0.284161
0.108134
0.150467
0.728912
0.28388
0.108082
0.150484
0.728567
0.283712
0.108162
0.150431
0.727612
0.283365
0.108281
0.150413
0.727167
0.283234
0.108352
0.150436
0.726826
0.283083
0.108487
0.150413
0.72642
0.283001
0.108588
0.150449
0.72553
0.282765
0.108569
0.150402
0.725276
0.28275
0.108446
0.150444
0.724985
0.282724
0.108346
0.150481
0.72473
0.28274
0.108012
0.150528
0.724329
0.282907
0.108325
0.150499
0.72455
0.283034
0.108483
0.150481
0.725051
0.283048
0.108343
0.150509
0.725134
0.28303
0.108109
0.150439
0.725719
0.28304
0.108193
0.15043
0.726655
0.283083
0.10848
0.150395
0.727858
0.283245
0.108586
0.150407
0.728944
0.283452
0.108284
0.150448
0.729642
0.283905
0.1081
0.150506
0.730098
0.284184
0.1081
0.150506
0.730098
0.284184
