0.005551
0.005675
0.04853
0.037292
0.017624
0.004874
0.097326
0.119493
0.04808
0.00541
0.128463
0.180912
0.059005
0.009262
0.137614
0.204333
0.090394
0.021645
0.117789
0.226167
0.078086
0.016861
0.166302
0.257993
0.089578
0.017145
0.17032
0.273339
0.095562
0.026666
0.154858
0.270587
0.088395
0.015055
0.183261
0.282461
0.11068
0.018845
0.173913
0.297542
0.110347
0.014926
0.198591
0.317578
0.132166
0.026995
0.17779
0.323589
0.169536
0.029093
0.169392
0.351255
0.147349
0.015531
0.213608
0.364521
0.149638
0.01885
0.213976
0.365671
0.16735
0.022514
0.208058
0.373761
0.163998
0.001331
0.244375
0.394491
0.174771
0.013877
0.231243
0.38837
0.19635
0.014909
0.265583
0.426746
0.199211
0.010339
0.265655
0.424631
0.206054
0.02299
0.282748
0.442995
0.211031
0.027374
0.293968
0.443676
0.217059
0.048328
0.321215
0.45726
0.221299
0.085023
0.362013
0.474284
0.228566
0.082105
0.358234
0.458445
0.241921
0.095938
0.366677
0.458857
0.262418
0.147868
0.402291
0.489266
0.268071
0.137858
0.390646
0.487022
0.263145
0.126747
0.386564
0.485112
0.25765
0.126654
0.391741
0.469085
0.250462
0.160836
0.422509
0.458265
0.244764
0.202114
0.453559
0.466545
0.269895
0.219714
0.442462
0.470758
0.25959
0.234442
0.455671
0.442098
0.363808
0.185386
0.37896
0.475599
0.361916
0.20027
0.391763
0.44996
0.33767
0.257868
0.432727
0.430407
0.324614
0.306657
0.45418
0.435185
0.430657
0.209978
0.358429
0.419955
0.428609
0.243112
0.385774
0.402656
0.448885
0.190331
0.344348
0.397867
0.386364
0.211789
0.369083
0.414918
0.326097
0.143526
0.382318
0.420585
0.294827
0.124924
0.397751
0.407391
0.254481
0.142203
0.431425
0.401389
0.245188
0.071397
0.419909
0.427807
0.21535
0.049398
0.43698
0.402724
0.266192
0.020786
0.432178
0.441275
0.283835
0.024931
0.436718
0.445737
0.269277
0.048855
0.45973
0.440506
0.24547
0.016038
0.464102
0.436089
0.218026
0.026175
0.463984
0.433597
0.179868
0.030268
0.513035
0.392529
0.179632
0.050892
0.514904
0.378141
0.176179
0.036397
0.547626
0.37133
0.152548
0.052303
0.577011
0.336933
0.135274
0.077744
0.591635
0.30653
0.116358
0.097033
0.644355
0.268038
0.106351
0.148695
0.69945
0.25261
0.105939
0.148926
0.700912
0.251277
0.106132
0.148956
0.701291
0.251816
0.10289
0.147838
0.715214
0.240414
0.104578
0.147807
0.723263
0.24267
0.104815
0.147818
0.726239
0.243819
0.10452
0.147852
0.728902
0.244797
0.104062
0.147873
0.730802
0.245405
0.102361
0.148014
0.737186
0.247693
0.102631
0.147959
0.738595
0.24828
0.102804
0.147963
0.738596
0.248368
0.102847
0.147936
0.737826
0.247727
0.102744
0.147942
0.737141
0.247346
0.102581
0.147934
0.735873
0.246633
0.102587
0.147929
0.735384
0.246417
0.102849
0.147929
0.734725
0.246472
0.102917
0.147948
0.734603
0.246528
0.103054
0.14795
0.734252
0.246812
0.102764
0.147985
0.733788
0.247204
0.102443
0.148006
0.733426
0.247349
0.102606
0.147976
0.733515
0.247166
0.10274
0.147976
0.733603
0.247053
0.103052
0.147928
0.734076
0.24659
0.10278
0.147932
0.734748
0.246339
0.102684
0.147912
0.734979
0.246359
