0.003259
0.004241
0.046197
0.038701
0.001727
0.004089
0.044105
0.038312
0.005547
0.000102
0.071721
0.077016
0.009921
0.003349
0.070829
0.077222
0.009358
0.003292
0.067743
0.073634
0.011862
0.002642
0.071932
0.080935
0.014371
0.002228
0.074848
0.086737
0.021504
0.00081
0.086402
0.106717
0.026515
0.000401
0.093584
0.11921
0.027541
0.001325
0.088799
0.117137
0.029245
0.000421
0.094791
0.123879
0.034381
0.001477
0.100224
0.135355
0.038932
0.002742
0.104611
0.145419
0.034077
0.000886
0.094698
0.128928
0.03492
0.000693
0.092265
0.12576
0.036789
6.6468e-6
0.093674
0.129672
0.040015
0.001679
0.092711
0.133474
0.041571
0.002475
0.101325
0.144403
0.044412
0.002848
0.105642
0.151844
0.040053
0.002403
0.101407
0.142893
0.041212
0.001178
0.09756
0.138976
0.051887
0.003906
0.11119
0.165641
0.050457
0.00466
0.113824
0.167587
0.050956
0.005192
0.112681
0.167456
0.053241
0.005244
0.11588
0.172881
0.065535
0.008034
0.116531
0.188224
0.054647
0.007322
0.123124
0.183415
0.063608
0.008371
0.122487
0.19251
0.062417
0.007677
0.128129
0.196217
0.063931
0.008117
0.129755
0.19968
0.06586
0.008501
0.131386
0.203517
0.07266
0.009555
0.134835
0.214499
0.071886
0.009758
0.139016
0.218027
0.06865
0.01135
0.135835
0.213342
0.086196
0.013259
0.139448
0.235533
0.071883
0.010893
0.149811
0.229567
0.08473
0.012536
0.14836
0.242029
0.082006
0.012245
0.154043
0.244643
0.08066
0.013406
0.15252
0.243039
0.086735
0.013949
0.154302
0.250954
0.084435
0.013522
0.157948
0.251895
0.088324
0.013823
0.159438
0.257296
0.094842
0.014183
0.161822
0.266106
0.104373
0.014464
0.165901
0.27927
0.086466
0.013228
0.17782
0.272655
0.097862
0.014779
0.17428
0.281436
0.093185
0.014786
0.176884
0.279522
0.094212
0.015942
0.176901
0.281555
0.096683
0.016473
0.17673
0.284184
0.089918
0.016661
0.179072
0.280196
0.095795
0.017269
0.176587
0.283853
0.100915
0.016981
0.177782
0.289506
0.098939
0.016944
0.18075
0.29046
0.097995
0.01724
0.182084
0.29111
0.102946
0.01728
0.182649
0.296267
0.103412
0.017186
0.185497
0.299306
0.102167
0.017523
0.187536
0.300411
0.096571
0.018384
0.189561
0.297937
0.10093
0.018963
0.188265
0.301237
0.105609
0.018605
0.189378
0.306244
0.10389
0.018789
0.191922
0.307233
0.103554
0.019144
0.193032
0.308307
0.105549
0.019218
0.194001
0.311087
0.109347
0.018889
0.195961
0.3161
0.109666
0.018898
0.198714
0.318992
0.11489
0.018642
0.199693
0.324399
0.119181
0.017341
0.203168
0.330373
0.116526
0.017596
0.207771
0.332485
0.120996
0.017235
0.210506
0.338756
0.109252
0.019141
0.216355
0.335353
0.122718
0.019016
0.216788
0.347702
0.132164
0.016174
0.221285
0.357607
0.124346
0.018179
0.224885
0.355784
0.117635
0.022114
0.221586
0.350084
0.117543
0.023201
0.218989
0.348212
0.119374
0.022981
0.220968
0.351465
0.118765
0.023422
0.222961
0.353212
0.127037
0.021049
0.225495
0.360653
0.126334
0.020813
0.229131
0.36315
0.139858
0.015481
0.234725
0.375152
0.138958
0.014567
0.241194
0.379395
0.136093
0.015607
0.245379
0.38176
0.137046
0.015863
0.248282
0.38537
0.137584
0.015989
0.251213
0.388523
0.149361
0.010296
0.25698
0.39852
0.13428
0.016935
0.261621
0.395595
0.129831
0.022306
0.261796
0.396587
0.13847
0.019959
0.262389
0.402174
0.140093
0.019555
0.264665
0.405163
0.14493
0.0167
0.268458
0.409948
0.148439
0.014076
0.272768
0.414254
0.147522
0.014631
0.275708
0.416425
0.146952
0.015577
0.278185
0.418835
0.144669
0.01824
0.279821
0.420612
0.143252
0.020803
0.281452
0.423064
0.161836
0.005729
0.292891
0.434861
0.150422
0.016396
0.292402
0.434002
0.14394
0.02421
0.292956
0.435735
0.150806
0.020369
0.29739
0.441649
0.14668
0.023866
0.299924
0.444023
0.147741
0.025047
0.302943
0.447797
0.151642
0.022646
0.305721
0.4511
0.157181
0.017087
0.311004
0.455019
0.15738
0.017638
0.312856
0.457043
0.158794
0.016646
0.315762
0.459474
0.171075
0.001017
0.329684
0.465669
0.166642
0.00461
0.330958
0.468612
0.163765
0.009601
0.334102
0.472223
0.169182
0.005994
0.337962
0.475721
0.172429
0.006098
0.338761
0.478268
0.168263
0.010749
0.340247
0.480603
0.174859
0.001578
0.352534
0.484604
0.172999
0.005564
0.35153
0.488829
0.161348
0.025399
0.352355
0.495922
0.146725
0.045491
0.357588
0.506261
0.143876
0.054782
0.359985
0.512229
0.149727
0.059631
0.355514
0.516895
0.152446
0.051571
0.362923
0.518251
0.152772
0.05267
0.362402
0.518871
0.155241
0.048118
0.366676
0.520408
0.155814
0.04857
0.367183
0.521513
0.159895
0.042993
0.371045
0.522767
0.162126
0.041815
0.371431
0.523432
0.160624
0.042931
0.372581
0.524237
0.160748
0.0426
0.374476
0.525218
0.162208
0.041643
0.375443
0.52602
0.166116
0.037147
0.378025
0.526749
0.168561
0.03518
0.379002
0.527172
0.170174
0.033814
0.380081
0.527595
0.172765
0.030795
0.381935
0.527833
0.170936
0.042987
0.376313
0.53132
0.160051
0.056163
0.378268
0.535367
0.15668
0.051963
0.387835
0.537395
0.159613
0.052612
0.386747
0.538882
0.162947
0.048573
0.389471
0.539901
0.164036
0.049129
0.389072
0.540577
0.164624
0.047466
0.39106
0.540956
0.165502
0.046117
0.392643
0.541429
0.168449
0.0406
0.396595
0.541564
0.169153
0.044305
0.394149
0.542368
0.171188
0.038192
0.399346
0.543392
0.171465
0.039884
0.398809
0.544561
0.170284
0.039079
0.401978
0.544608
0.174647
0.032764
0.40505
0.544665
0.177166
0.03235
0.404197
0.544957
0.176188
0.032229
0.405934
0.545328
0.174338
0.032762
0.407836
0.54571
0.176921
0.030751
0.409111
0.545427
0.182802
0.008966
0.422541
0.543935
0.188631
0.026914
0.410191
0.549312
0.186743
0.025453
0.414322
0.549434
0.181056
0.032318
0.414747
0.551541
0.169145
0.041566
0.420547
0.555248
0.165477
0.043171
0.42649
0.557507
0.170506
0.047932
0.42194
0.559948
0.173164
0.04598
0.423794
0.560585
0.178192
0.035782
0.429469
0.559786
0.18211
0.034732
0.428425
0.56043
0.179703
0.039312
0.428638
0.562507
0.175991
0.041055
0.431891
0.562458
0.178014
0.042131
0.431587
0.563679
0.183095
0.032129
0.436738
0.562697
0.192239
0.020967
0.440126
0.560275
0.192349
0.028496
0.435846
0.562406
0.186099
0.029919
0.439645
0.561487
0.181693
0.033431
0.442545
0.563508
0.179551
0.03665
0.444773
0.564612
0.176823
0.04582
0.444626
0.569625
0.178207
0.041124
0.451067
0.570342
0.186064
0.042249
0.446891
0.571747
0.184305
0.044561
0.447396
0.572756
0.183757
0.03891
0.453407
0.571569
0.185866
0.043129
0.450227
0.57272
0.179429
0.048715
0.452271
0.57433
0.17174
0.051276
0.458696
0.576373
0.172967
0.052466
0.46097
0.578041
0.188586
0.025014
0.473837
0.573682
0.205701
0.048368
0.454841
0.58481
0.196513
0.036995
0.467387
0.58021
0.197645
0.034757
0.466291
0.576621
0.192879
0.041958
0.464915
0.577486
0.179549
0.050843
0.469324
0.578501
0.172369
0.053659
0.476611
0.580547
0.182689
0.051861
0.475306
0.582747
0.187732
0.061188
0.469114
0.586775
0.183536
0.056932
0.473993
0.5845
0.180705
0.06009
0.473772
0.584391
0.173844
0.063811
0.478131
0.586493
0.169422
0.066663
0.482422
0.587693
0.179635
0.042309
0.4964
0.585816
0.193216
0.059455
0.480681
0.5911
0.18718
0.056605
0.482921
0.585939
0.182432
0.060342
0.481637
0.584393
0.180837
0.064612
0.480072
0.584174
0.178547
0.063155
0.483598
0.584224
0.182695
0.059895
0.483819
0.583236
0.186439
0.056654
0.4844
0.582298
0.189187
0.052342
0.485754
0.580923
0.192644
0.050944
0.484466
0.579247
0.192856
0.060879
0.481113
0.583627
0.180173
0.07222
0.484756
0.586826
0.165071
0.086973
0.491525
0.594255
0.163218
0.089111
0.496947
0.598955
0.172855
0.070077
0.510071
0.598676
0.18348
0.06566
0.510582
0.598803
0.185927
0.067728
0.508764
0.600641
0.181882
0.067241
0.510617
0.599114
0.178437
0.063019
0.514627
0.596039
0.183627
0.068106
0.50689
0.594843
0.184066
0.071337
0.504289
0.594502
0.185489
0.064178
0.505752
0.589621
0.187475
0.072338
0.499176
0.591043
0.181772
0.069823
0.502958
0.58737
0.186104
0.049155
0.513905
0.580711
0.204841
0.047456
0.505171
0.577883
0.201962
0.049845
0.502654
0.575143
0.192233
0.043297
0.510201
0.569199
0.194752
0.052344
0.49965
0.564782
0.193757
0.052287
0.499273
0.562931
0.1903
0.049215
0.504264
0.562214
0.190141
0.055035
0.501762
0.561138
0.182694
0.056254
0.506855
0.560631
0.178433
0.074309
0.50671
0.570933
0.16606
0.097902
0.511503
0.584448
0.15978
0.09551
0.523219
0.585309
0.166045
0.092187
0.527038
0.587839
0.140742
0.051804
0.565841
0.559304
0.193384
0.066496
0.541472
0.583763
0.194356
0.068242
0.540614
0.58542
0.187727
0.064908
0.541605
0.57674
0.188521
0.066004
0.532526
0.567898
0.185731
0.069009
0.525291
0.561936
0.178878
0.079891
0.520898
0.561981
0.173518
0.074477
0.525654
0.553186
0.18544
0.067281
0.523814
0.547875
0.187068
0.060146
0.527769
0.542744
0.191335
0.065117
0.522889
0.543943
0.191604
0.063267
0.522305
0.538349
0.185601
0.067687
0.522121
0.535917
0.173781
0.064919
0.530225
0.524498
0.180029
0.023087
0.566661
0.505593
0.209474
0.0477
0.549086
0.524984
0.18972
0.072081
0.537177
0.514482
0.164303
0.091688
0.536554
0.50817
0.148766
0.092473
0.551298
0.497346
0.148925
0.105489
0.561662
0.507732
0.14836
0.111133
0.573273
0.512259
0.148537
0.11116
0.583546
0.512742
0.1502
0.114155
0.586606
0.517571
0.143578
0.108335
0.60184
0.504089
0.149551
0.109487
0.601464
0.508265
0.150874
0.103964
0.613389
0.498619
0.153838
0.105089
0.612867
0.500127
0.155534
0.113164
0.613823
0.505324
0.146835
0.121632
0.61666
0.506827
0.138597
0.117561
0.632907
0.491086
0.142871
0.113511
0.644469
0.479153
0.150515
0.114766
0.644839
0.473466
0.147033
0.116527
0.645485
0.462572
0.142642
0.118945
0.64061
0.450222
0.141048
0.127547
0.63183
0.449972
0.13186
0.126725
0.6491
0.430133
0.129621
0.122971
0.674113
0.40181
0.088147
0.112944
0.823742
0.22395
0.09628
0.139824
0.900771
0.173321
0.092403
0.132376
0.889967
0.189501
0.089277
0.132966
0.877072
0.189532
0.078864
0.134251
0.820485
0.183539
0.082796
0.133005
0.769103
0.177498
0.08613
0.132375
0.760718
0.176881
0.083988
0.131067
0.767442
0.169306
0.084367
0.130537
0.767499
0.171142
0.084219
0.129852
0.766669
0.173872
0.082168
0.12836
0.772831
0.167217
0.082682
0.127709
0.77235
0.169081
0.082495
0.126952
0.770412
0.17187
0.080488
0.125415
0.775934
0.165631
0.075411
0.120929
0.792291
0.149031
0.076328
0.117765
0.791255
0.158337
0.073251
0.114743
0.790882
0.158251
0.074423
0.111088
0.785797
0.168082
0.074932
0.105696
0.781536
0.183187
0.074696
0.098981
0.776383
0.203624
0.075494
0.091787
0.774117
0.225182
0.075113
0.083353
0.77087
0.25188
0.073749
0.07719
0.775218
0.25959
0.072341
0.071705
0.78009
0.265266
0.072918
0.064805
0.781025
0.287522
0.072392
0.051874
0.782967
0.335515
0.070041
0.040781
0.787419
0.394042
0.063948
0.041771
0.801952
0.471945
0.061072
0.048723
0.810148
0.497065
0.047245
0.099332
0.845811
0.566839
0.043424
0.110494
0.851802
0.575436
0.043004
0.111084
0.858147
0.57844
0.047159
0.109076
0.87186
0.586667
0.047036
0.107568
0.887648
0.594116
0.049447
0.105297
0.900313
0.600704
0.048684
0.105505
0.902364
0.601454
0.048639
0.105985
0.902374
0.601807
0.048786
0.106569
0.901933
0.601994
0.048174
0.107356
0.900726
0.601462
0.048039
0.107913
0.899202
0.600971
0.048262
0.107967
0.898597
0.600788
0.047611
0.107803
0.896959
0.599452
0.047723
0.107114
0.895963
0.598614
0.047723
0.107114
0.895963
0.598614
