0.003768
0.004446
0.046695
0.038487
0.093633
0.003874
0.183684
0.27099
0.098682
0.014298
0.1696
0.279295
0.151083
0.023309
0.16989
0.337459
0.17302
0.022035
0.191679
0.37672
0.183763
0.016039
0.21569
0.402802
0.184026
0.011094
0.236092
0.416928
0.194884
0.003549
0.253446
0.434861
0.215348
0.010774
0.274928
0.457916
0.220274
0.023344
0.298084
0.470598
0.211736
0.024185
0.305985
0.466928
0.215324
0.042411
0.328536
0.473497
0.227772
0.064149
0.349049
0.48184
0.242977
0.092136
0.371711
0.488223
0.250326
0.10674
0.382389
0.489152
0.261997
0.128979
0.39488
0.488901
0.275707
0.136955
0.392044
0.485974
0.299685
0.158776
0.389022
0.478531
0.318532
0.177671
0.384179
0.465072
0.332638
0.204728
0.391768
0.456918
0.311174
0.256935
0.438945
0.415212
0.457974
0.233651
0.367962
0.433467
0.520615
0.271541
0.358327
0.40008
0.525266
0.280049
0.349614
0.36483
0.549838
0.225143
0.351327
0.310563
0.551683
0.219092
0.363986
0.268422
0.540878
0.09937
0.283681
0.14637
0.469389
0.022654
0.232374
0.010933
0.358595
0.078741
0.186351
0.157885
0.020406
0.014357
0.087188
0.550387
0.00459
0.061354
0.097392
0.68729
0.179329
0.057899
0.08037
0.952595
0.21193
0.025846
0.10073
1.061508
0.210083
0.065438
0.103217
1.108232
0.220975
0.132586
0.107004
1.144311
0.22665
0.1277
0.109524
1.15514
0.225922
0.126801
0.109173
1.153301
0.225519
0.124817
0.109067
1.152097
0.225149
0.123056
0.108915
1.150898
0.225071
0.123043
0.108892
1.150752
0.225167
0.123103
0.108925
1.150944
0.225217
0.123575
0.108937
1.151167
0.225307
0.124053
0.108984
1.151481
0.225445
0.124441
0.109035
1.151843
0.225584
0.124504
0.109067
1.152085
0.225467
0.124483
0.109037
1.151895
0.225435
0.124117
0.10903
1.151738
0.225382
0.123555
0.108998
1.15145
0.225181
0.123258
0.108924
1.151008
0.225215
0.123001
0.108941
1.151019
0.225186
0.123036
0.108916
1.150943
0.225167
0.123355
0.108923
1.151019
0.225195
0.123425
0.108936
1.151103
0.22533
0.123842
0.108969
1.151438
0.225436
0.12416
0.109014
1.151717
0.225419
0.124296
0.109011
1.151728
0.225572
0.124237
0.10906
1.151997
0.225572
0.124237
0.10906
1.151997
