0
0
0
0
0
0
0
0
0
0
0
0
0
0
0
0
0
0
0
0
0
0
0
0
0
0
0
0
0
0
0
0
0
0
0
0
0
0
0
0
0
0
0
0
0
0
0
0
0
0
0
0
0
0
0
0
0
0
0
0
0
0
0
0
0
0
0
0
0
0
0
0
0
0
0
0
0
0
0
0
0
0
0
0
0
0
0
0
0
0
0
0
0
0
0
0
0
0
0
0
0
0
0
0
0
0
0
0
0
0
0
0
0
0
0
0
0
0
0
0
0
0
0
0
0
0
0
0
0
0
0
0
0
0
0
0
0
0
0
0
0
0
0
0
0
0
0
0
0
0
0
0
0
0
0
0
0
0
0
0
0
0
0
0
0
0
0
0
0
0
0
0
0
0
0
0
0
0
0
0
0
0
0
0
0
0
0
0
0
0
0
0
0
0
0
0
0
0
0
0
0
0
0
0
0
0
0
0
0
0
0
0
0
0
0
0
0
0
0
0
0
0
0
0
0
0
0
0
0
0
0
0
0.001882
0.01834
0.007111
0.055418
0.002697
0.004376
0.022656
0.015715
0.000026
0.000362
0.001999
0.001821
0.000264
0.000036
0.000217
0.000526
0.000014
0.000028
0.000226
0.000176
4.3106e-6
8.0629e-6
0.000011
0.000032
1.0307e-6
1.3339e-6
4.4654e-7
7.0525e-7
0.000136
0.000246
0.000648
0.001473
0.00003
0.000032
0.000435
0.000417
7.0557e-7
0.000026
0.000127
0.000057
0.000359
0.000673
0.001636
0.003934
0.000109
0.000123
0.001329
0.001184
1.022e-6
0.000075
0.000445
0.000221
0.000027
0.000033
0.000025
0.000049
0.000126
0.000255
0.000572
0.001396
0.000048
0.000058
0.000546
0.00048
0.000118
0.000271
0.000613
0.001548
0.000022
0.000023
0.000337
0.000321
1.7661e-6
0.000019
0.00009
0.000033
5.1142e-6
4.4308e-6
0.000011
3.9838e-6
1.4447e-7
1.4464e-6
0.000013
8.9707e-6
9.1615e-7
1.7661e-6
7.713e-6
3.8783e-6
0.000331
0.000764
0.001156
0.003943
0.000175
0.000212
0.001671
0.00143
0.000014
0.000074
0.000522
0.000233
0.000016
0.000967
0.00118
0.001743
0.000106
0.000156
0.001164
0.000907
0.000012
0.000011
0.000105
0.000049
0.000217
0.00062
0.00098
0.003172
0.000156
0.000187
0.001509
0.001353
3.1341e-6
0.000116
0.000509
0.000128
0.000052
0.00007
0.000107
0.000023
0.000362
0.001204
0.001042
0.005466
0.000363
0.000495
0.003203
0.002603
0.000048
0.000181
0.000925
0.000149
0.000084
0.000157
0.000417
0.000026
0.000124
0.000727
0.002154
0.000085
0.000031
0.000097
0.000817
0.001249
0.000022
0.000013
0.000029
0.000048
0.000016
0.00002
0.000073
0.000035
0.00002
0.001233
0.001111
0.003042
0.000203
0.000372
0.002274
0.001545
2.9951e-6
0.000149
0.000331
0.000221
0.000048
0.000107
0.000494
0.000146
0.000013
6.5822e-6
0.000089
0.000135
2.1505e-6
6.7533e-6
0.000032
0.000013
3.3685e-7
1.8166e-6
7.2171e-6
0.000016
0.000139
0.00164
0.001876
0.00337
0.00006
0.000478
0.00214
7.4242e-6
0.000125
0.000536
0.000788
0.002984
0.000084
0.000221
0.00077
0.00005
0.000059
0.000783
0.000373
0.003239
0.000187
0.000351
0.002105
0.001186
0.000035
0.000338
0.000357
0.001784
0.000083
0.000184
0.000901
0.00026
0.000042
0.000015
0.000076
0.00002
0.000023
0.000036
0.000081
5.4953e-7
9.1575e-6
0.000016
0.000044
0.000095
0.000123
0.000523
0.001189
0.000482
0.000023
0.000089
0.00037
0.000833
0.000017
1.4751e-6
0.000035
0.000016
0.00009
0.000347
0.000787
0.000313
0.000013
0.000038
0.000522
0.00073
9.2918e-6
0.00003
0.000044
0.000105
0.000126
0.000499
0.001117
0.00047
0.000031
0.000094
0.000561
0.000998
0.000014
0.000016
0.000107
2.3275e-6
0.000281
0.001061
0.002333
0.001067
0.000061
0.000196
0.000881
0.001845
0.000021
7.3158e-6
0.000166
0.000083
0.00002
0.000026
5.453e-6
0.000055
0.000235
0.000901
0.002134
0.000833
0.000059
0.000208
0.001125
0.002081
0.00005
2.7501e-6
0.000068
0.000092
0.00002
0.000042
0.000137
0.000017
0.000312
0.001099
0.002748
0.000882
0.000067
0.000319
0.001209
0.002778
0.000048
0.000024
0.000034
0.000013
0.00002
0.00003
0.000072
3.8166e-7
0.000157
0.000548
0.001368
0.000479
0.000046
0.000157
0.000677
0.001391
0.000036
0.000015
0.000093
0.000024
0.000013
0.000022
0.000019
0.000038
7.045e-6
0.000013
0.000039
6.5582e-7
1.1465e-6
4.6933e-7
9.3058e-7
3.7777e-6
0.000653
0.002123
0.005232
0.001854
0.000242
0.00069
0.002931
0.005693
0.000253
0.000443
0.000524
0.000972
1.3644e-6
0.000013
0.000095
0.000091
3.7913e-6
3.9266e-6
5.4343e-6
4.752e-6
1.3643e-6
4.9942e-6
0.000016
5.0541e-6
3.4345e-6
3.6897e-6
2.1065e-6
7.0487e-6
8.7258e-7
8.5549e-7
5.2676e-6
9.1663e-6
8.4294e-8
5.2957e-7
2.4555e-6
5.9902e-7
0.00137
0.003987
0.009448
0.003745
0.000888
0.001974
0.004722
0.011206
0.000533
0.000419
0.000755
0.000605
0.00008
0.000141
0.000298
0.000086
0.00035
0.000925
0.00242
0.000771
0.000272
0.000555
0.001049
0.002817
0.000151
0.000116
0.000429
0.000397
0.00003
0.00005
0.000161
0.000032
0.000017
0.000035
0.000036
0.000149
8.5352e-6
0.000014
0.000061
0.000028
0.000753
0.001861
0.004357
0.001962
0.000572
0.00113
0.001582
0.005105
0.00026
0.000175
0.001247
0.001368
0.000064
0.000121
0.00061
0.000237
0.000052
0.0001
0.000054
0.000391
0.00003
0.000049
0.000211
0.000094
2.9247e-6
1.847e-6
0.000036
0.000054
3.0319e-7
2.4576e-7
0.00001
7.7252e-6
0.001452
0.003372
0.007589
0.003661
0.001186
0.002296
0.002132
0.0092
0.001444
0.002779
0.001699
0.006272
0.000826
0.001532
0.001819
0.002711
0.000075
0.000112
0.000167
0.000548
0.000143
0.000384
0.000502
0.001031
0.000144
0.000296
0.001738
0.000643
0.000068
0.000149
0.000121
0.000702
0.000041
0.000044
0.000216
0.000159
5.8795e-6
4.8664e-6
3.2951e-6
0.000011
0.001596
0.003344
0.007632
0.003711
0.001569
0.003138
0.001309
0.008812
0.001325
0.00209
0.001485
0.00426
0.000371
0.000469
0.000325
0.000656
0.00004
0.000079
0.000058
0.000187
0.001173
0.002343
0.00539
0.002727
0.001219
0.002148
0.000014
0.006674
0.000668
0.001104
0.003609
0.00021
0.000101
0.000274
0.00012
0.001348
0.000011
0.000012
0.000031
0.000055
4.2496e-6
5.9018e-6
7.5196e-6
0.00001
2.5464e-6
4.7266e-6
0.000017
1.7629e-6
0.001914
0.003639
0.007967
0.004402
0.002069
0.003509
0.000764
0.009892
0.00127
0.002112
0.00597
0.001353
0.001348
0.002624
0.001487
0.008136
0.000975
0.00187
0.009664
0.002269
0.001072
0.001795
0.000563
0.006218
0.001135
0.001901
0.002531
0.003385
0.000918
0.001518
0.000488
0.004366
0.000476
0.00086
0.003552
0.000266
0.000356
0.000577
0.000042
0.001793
0.000074
0.000118
0.0005
0.000348
0.000595
0.001136
0.000043
0.003849
0.000455
0.000899
0.003257
0.000576
0.000636
0.00101
0.001699
0.001657
0.00058
0.000896
0.0007
0.002005
0.000338
0.000586
0.001592
0.00049
0.00024
0.000429
0.000661
0.000925
0.000166
0.000287
0.000711
0.00026
0.001106
0.00184
0.002735
0.003184
0.001108
0.001782
0.002056
0.00397
0.000902
0.001468
0.003388
0.001821
0.000787
0.001266
0.002267
0.001823
0.00062
0.000999
0.000844
0.002378
0.000315
0.000576
0.001624
0.000675
0.000234
0.0004
0.001003
0.000333
0.000135
0.000228
0.000273
0.000428
0.000084
0.000143
0.000026
0.000491
0.00005
0.000079
0.000115
0.000082
0.000072
0.000155
0.000697
0.000018
0.000137
0.000213
0.000221
0.000493
0.000125
0.000195
0.000395
0.000259
0.000118
0.000188
0.000293
0.000345
0.000125
0.000192
0.00011
0.000496
0.000075
0.000136
0.000553
7.7558e-7
0.00011
0.000167
0.000096
0.000417
0.000082
0.000134
0.000239
0.00022
0.000791
0.001298
0.002724
0.001862
0.00093
0.001411
0.001184
0.003574
0.000764
0.001215
0.002381
0.001947
0.00061
0.001024
0.002967
0.000949
0.000695
0.001065
0.000824
0.00275
0.000542
0.00086
0.001341
0.001718
0.000329
0.000588
0.002207
0.000297
0.000409
0.00061
0.000303
0.001626
0.000197
0.000353
0.001343
0.000193
0.000161
0.000277
0.000776
0.00038
0.000134
0.000224
0.000611
0.000354
0.000133
0.000217
0.000506
0.000395
0.000157
0.000235
0.000168
0.000668
0.000153
0.000225
0.000089
0.000679
0.000114
0.000181
0.000348
0.000391
0.000151
0.000212
0.000113
0.000756
0.000086
0.000143
0.00039
0.000245
0.000122
0.000172
0.000049
0.000615
0.000093
0.000138
0.000137
0.000388
0.000105
0.00015
9.2208e-6
0.000507
0.0001
0.000145
6.0605e-6
0.000479
0.000099
0.000142
0.000014
0.000485
0.000086
0.000127
0.000066
0.000376
0.000102
0.00014
0.000114
0.000547
0.000078
0.000114
0.000052
0.000357
0.000099
0.000131
0.000191
0.000566
0.000083
0.000113
0.000091
0.000448
0.000093
0.000121
0.000245
0.000551
0.000081
0.000106
0.000179
0.000477
0.00008
0.000104
0.000196
0.000481
0.000084
0.000108
0.000261
0.000522
0.000084
0.000108
0.000261
0.000522
