0
0
0
0
0
0
0
0
0
0
0
0
0
0
0
0
0
0
0
0
0
0
0
0
0
0
0
0
0
0
0
0
0
0
0
0
0
0
0
0
0
0
0
0
0
0
0
0
0
0
0
0
0
0
0
0
0
0
0
0
0
0
0
0
0
0
0
0
0
0
0
0
0
0
0
0
0
0
0
0
0
0
0
0
0
0
0
0
0
0
0
0
0
0
0
0
0
0
0
0
0
0
0
0
0
0
0
0
0
0
0
0
0
0
0
0
0
0
0
0
0
0
0
0
0
0
0
0
0
0
0
0
0
0
0
0
0
0
0
0
0
0
0
0
0
0
0
0
0
0
0
0
0
0
0
0
0
0
0
0
0
0
0
0
0
0
0
0
0
0
0
0
0
0
0
0
0
0
0
0
0
0
0
0
0
0
0
0
0
0
0
0
0
0
0
0
0
0
0
0
0
0
0
0
0
0
0
0
0
0
0
0
0
0
0
0
0
0
0
0
0
0
0
0
0
0
0
0
0
0
0
0
0
0
0
0
0
0
0
0
0
0
0
0
0
0
0
0
0
0
0
0
0
0
0
0
0
0
0
0
0
0
0
0
0
0
0
0
0
0
0
0
0
0
0
0
0
0
0
0
0
0
0
0
0
0
0
0
0
0
0
0
0
0
0
0
0
0
0
0
0
0
0
0
0
0
0
0
0
0
0
0
0
0
0
0
0
0
0
0
0
0
0
0
0
0
0
0
0
0
0
0
0
0
0
0
0
0
0
0
0
0
0
0
0
0
0
0
0
0
0
0
0
0
0
0
0
0
0
0
0
0
0
0
0
0
0
0
0
0
0
0
0
0
0
0
0
0
0
0
0
0
0
0
0
0
0
0
0
0
0
0
0
0
0
0
0
0
0
0
0
0
0
0
0
0
0
0
0
0
0
0
0
0
0
0
0
0
0
0
0
0
0
0
0
0
0
0
0
0
0
0
0
0
0
0
0
0
0
0
0
0
0
0
0
0
0
0
0
0
0
0
0
0
0
0
0
0
0
0
0
0
0
0
0
0
0
0
0
0
0
0
0
0
0
0
0
0
0
0
0
0
0
0
0
0
0
0
0
0
0
0
0
0
0
0
0
0
0
0
0.013298
0.021295
0.054865
0.010186
0.006679
0.00955
0.012183
0.005652
0.000047
0.000459
0.00232
0.001305
2.8442e-6
0.000064
0.00074
0.000929
0.00004
0.000027
0.00002
0.0001
9.6681e-6
0.000023
0.000055
0.000013
5.1864e-6
2.1773e-6
2.4139e-6
3.3239e-6
2.5981e-7
1.8628e-6
0.000016
0.000011
1.1468e-6
2.5856e-6
6.8727e-6
1.5928e-6
0.000377
0.000635
0.00163
0.003805
0.000046
0.000059
0.000886
0.000814
7.3132e-6
0.000013
0.000159
0.000125
6.4202e-6
9.7123e-6
0.00001
8.3439e-6
1.35e-6
2.5023e-7
2.6357e-6
4.183e-6
1.3116e-6
3.8571e-7
2.8335e-6
1.7881e-7
0.000134
0.000247
0.000643
0.001462
0.000036
0.000041
0.000437
0.0004
2.7665e-6
0.000012
0.000123
0.00009
3.5991e-6
5.6282e-6
4.7348e-6
0.000019
1.3503e-6
8.0024e-7
2.8494e-6
3.2576e-6
5.1619e-8
0
2.6616e-6
1.9783e-6
0.000219
0.000424
0.001047
0.002464
0.000065
0.000064
0.000736
0.000704
5.0225e-6
0.000048
0.000301
0.000165
0.000015
0.000019
0.000013
0.00006
0.000132
0.00025
0.00063
0.00145
0.000049
0.00005
0.000444
0.000424
3.2037e-6
7.104e-6
0.00011
0.000098
0.000254
0.000535
0.001289
0.003084
0.000089
0.000138
0.001072
0.000918
0.00002
0.000055
0.000259
0.00005
0.000027
0.000039
0.000131
0.000038
5.8197e-6
4.6811e-6
0.000044
0.00006
2.6207e-6
2.2351e-6
0.000017
0.000014
0.000515
0.001253
0.002216
0.006615
0.000213
0.000264
0.002618
0.002299
0.000017
0.000089
0.000597
0.00032
0.000064
0.000752
0.001206
0.000941
0.000062
0.000099
0.000349
0.000094
0.000018
0.000031
0.000068
0.000157
0.000267
0.000876
0.000986
0.004184
0.000228
0.000308
0.002186
0.001834
9.4315e-6
0.000125
0.000598
0.000141
0.000063
0.00009
0.000157
0.000032
0.000019
0.000026
0.000024
0.000034
3.4175e-7
3.3432e-6
0.000017
1.5218e-6
0.000319
0.001257
0.001381
0.005865
0.000355
0.000503
0.003182
0.002532
0.00004
0.000165
0.000846
0.000157
0.000084
0.000148
0.000422
0.000013
0.000043
0.000057
0.000044
0.000172
0.000047
0.001691
0.001743
0.003806
0.000334
0.000504
0.002864
0.002163
0.000019
0.000144
0.000398
0.00019
0.000055
0.000115
0.000443
0.000075
0.000257
0.001264
0.002964
0.000816
0.000094
0.000147
0.001177
0.001766
0.000025
0.000064
0.000046
0.000271
0.000651
0.003146
0.006276
0.003558
0.000275
0.000673
0.0009
0.001767
0.00006
0.000095
0.000277
0.000581
0.000015
0.000036
0.000125
0.000017
1.0603e-6
8.3613e-6
0.000056
0.000116
6.7336e-7
1.2684e-6
9.9648e-6
4.9415e-6
0.000127
0.000538
0.001374
0.000433
5.1559e-6
0.000126
0.000421
0.001142
0.000027
0.000015
0.000016
4.3134e-6
9.8828e-6
0.000013
0.00003
2.9555e-6
1.689e-6
3.3829e-6
3.3761e-6
0.000012
0.000274
0.001076
0.00231
0.001161
0.000052
0.000228
0.001308
0.002392
0.000042
0.000016
0.000056
0.000124
0.000837
0.00293
0.006389
0.00302
0.000264
0.000745
0.004057
0.00703
0.000187
0.000024
7.4343e-6
0.000383
0.000202
0.000513
0.001105
0.00052
0.000034
0.000144
0.000484
0.00113
0.000022
0.000019
0.000032
0.000066
0.000373
0.001164
0.002645
0.001225
0.000188
0.000478
0.00157
0.003263
0.000091
0.000036
0.000218
0.000261
0.000139
0.000378
0.00081
0.000479
0.000054
0.000161
0.000367
0.000955
0.000021
0.000017
0.000047
0.000029
3.1743e-6
5.0775e-6
0.000017
5.3978e-6
3.3043e-6
5.2867e-6
0.000015
3.8332e-6
0.000801
0.002378
0.005985
0.002069
0.000504
0.001202
0.003
0.007068
0.000319
0.000245
0.000501
0.000348
0.000028
0.000088
0.000167
0.000126
0.000541
0.001524
0.003773
0.001466
0.000391
0.00085
0.001709
0.004493
0.000249
0.000205
0.000411
0.000312
0.000206
0.000576
0.000175
0.001754
0.000121
0.000315
0.001424
0.00031
0.000017
0.000055
0.000393
0.000707
0.000669
0.00168
0.003924
0.001783
0.000492
0.001076
0.001466
0.005003
0.000292
0.000398
0.001478
0.000292
0.000074
3.8984e-6
0.000373
0.000107
0.000054
0.000096
0.000226
0.000047
0.00048
0.001182
0.003256
0.000894
0.000408
0.00084
0.001193
0.003866
0.000255
0.000222
0.001244
0.001153
0.000035
0.0001
0.000465
0.000051
0.000051
0.000102
0.000142
0.00023
0.000037
0.000063
0.000064
0.000129
1.8612e-6
6.3429e-6
0.000034
0.000011
0.000985
0.002309
0.005816
0.002164
0.00084
0.001715
0.001397
0.006931
0.000521
0.000584
0.002346
0.001274
0.00028
0.000857
0.000197
0.003148
0.000283
0.000626
0.002611
0.000184
0.000212
0.00036
0.000147
0.001255
9.704e-6
2.0338e-6
0.000049
0.000022
0.000011
0.000018
0.000033
0.000019
5.9769e-6
0.000011
1.2548e-6
0.000033
1.1496e-6
2.9917e-6
3.4736e-6
6.1684e-6
0.00134
0.002921
0.006993
0.003073
0.001236
0.002369
0.000984
0.008494
0.000641
0.000888
0.003552
0.00092
0.000074
0.000021
0.000392
0.00013
0.000044
0.00008
0.000167
0.000104
0.000034
0.000066
0.000046
0.000176
0.00002
0.000038
0.00017
0.000033
1.3812e-6
0.000011
1.2204e-6
0.000065
0.000589
0.001223
0.002912
0.00137
0.000591
0.001068
0.000218
0.003586
0.000291
0.000446
0.001693
0.000253
6.8933e-7
1.4649e-6
0.000195
0.000241
6.0949e-6
0.000014
0.000027
0.000033
6.3595e-6
0.000013
0.000018
0.000029
5.4227e-6
8.2518e-6
0.000021
1.4067e-6
2.8547e-7
2.5594e-7
4.3468e-6
7.0517e-6
1.699e-7
4.4479e-7
1.9094e-6
1.72e-6
0.001618
0.003239
0.00745
0.003651
0.001664
0.002933
3.1435e-6
0.009041
0.000826
0.001362
0.005168
0.000294
0.000619
0.00147
0.001882
0.004592
0.000631
0.001138
0.006323
0.002194
0.00044
0.000831
0.000116
0.003075
0.000221
0.000377
0.001521
0.000206
0.000059
0.00011
0.000087
0.000449
8.1956e-7
0.000011
0.000031
0.000107
4.7065e-6
9.5821e-6
0.000028
6.9197e-6
5.711e-6
9.5469e-6
4.7815e-6
0.000027
3.3489e-6
5.7699e-6
0.000026
5.2591e-6
1.1242e-6
2.4211e-6
9.9916e-7
0.00001
0.002776
0.005104
0.010767
0.006196
0.00312
0.005077
0.001465
0.013382
0.001858
0.003116
0.008971
0.002052
0.000981
0.001759
0.002916
0.00298
0.000285
0.000542
0.002666
0.000786
0.000012
0.000089
0.000654
0.001263
6.5025e-6
4.0266e-6
0.000015
0.000018
2.9951e-7
4.5564e-7
5.7442e-7
8.9915e-7
0.000142
0.000254
0.000585
0.000336
0.000184
0.000288
0.000205
0.000718
0.000148
0.000238
0.000513
0.000313
0.000107
0.000184
0.000456
0.00019
0.000104
0.000163
0.000054
0.000438
0.000951
0.001632
0.003432
0.002182
0.00118
0.001809
0.000852
0.004702
0.000841
0.001377
0.003496
0.001475
0.000645
0.001096
0.002797
0.001095
0.000646
0.001001
0.000283
0.002709
0.000392
0.000648
0.001701
0.000522
0.000341
0.000524
0.000241
0.001328
0.000206
0.000328
0.000133
0.000889
0.000158
0.000236
0.000123
0.000511
0.000073
0.000131
0.000428
0.000067
0.000067
0.000113
0.000129
0.000273
0.000037
0.000069
0.000247
0.000013
0.000029
0.000047
0.000089
0.000043
9.3268e-6
0.00002
0.000024
0.000052
6.7648e-6
0.000012
3.7175e-6
0.000041
5.095e-6
8.428e-6
0.000016
7.3976e-6
4.0822e-6
6.4485e-6
9.2256e-6
0.000012
4.0229e-6
5.8575e-6
5.0356e-7
0.000019
3.2407e-6
4.6908e-6
3.5131e-6
8.6038e-6
1.4238e-6
2.6519e-6
8.628e-6
9.3605e-7
9.6248e-7
1.9335e-6
3.3001e-6
4.4666e-6
0.000955
0.001664
0.004337
0.002054
0.001262
0.001912
0.001779
0.004644
0.001081
0.001686
0.002841
0.002907
0.000775
0.001329
0.004113
0.001242
0.000884
0.00136
0.00123
0.00335
0.000697
0.001082
0.001431
0.002303
0.000423
0.000717
0.002184
0.000686
0.000288
0.000502
0.001661
0.000526
0.000315
0.000463
0.000103
0.001412
0.000227
0.000315
0.000057
0.001058
0.000156
0.000237
0.000397
0.000574
0.000206
0.000288
0.000193
0.00105
0.000152
0.000226
0.000203
0.000625
0.000161
0.00023
0.000019
0.000748
0.00016
0.000225
0.000082
0.000788
0.000162
0.000221
0.000208
0.000877
0.000153
0.000204
0.000251
0.000842
0.000139
0.000186
0.000234
0.000776
0.000137
0.00018
0.000298
0.000781
0.000151
0.000191
0.00052
0.000934
0.00014
0.000176
0.000471
0.000873
0.000143
0.000179
0.000534
0.000908
0.000146
0.00018
0.000586
0.000945
0.00014
0.000173
0.000557
0.000909
0.000142
0.000175
0.000576
0.000922
0.000146
0.000179
0.000621
0.000958
0.000143
0.000175
0.0006
0.000936
0.000143
0.000174
0.000618
0.000946
0.000141
0.000172
0.000624
0.000941
0.000144
0.000173
0.000659
0.000966
0.000142
0.000171
0.000651
0.000956
0.000143
0.000172
0.000668
0.000965
0.000146
0.000175
0.000703
0.000995
0.000142
0.000171
0.000681
0.000972
0.000143
0.000172
0.000698
0.000983
0.000144
0.000171
0.00071
0.000988
0.000144
0.000171
0.000726
0.000999
0.000143
0.00017
0.000717
0.000988
0.000144
0.00017
0.000728
0.000996
0.000145
0.000172
0.000745
0.001009
0.000143
0.00017
0.000734
0.000998
0.000144
0.00017
0.000743
0.001004
0.000144
0.00017
0.000746
0.001004
0.000145
0.000171
0.000759
0.001014
0.000143
0.000169
0.000751
0.001005
0.000144
0.000169
0.000757
0.001009
0.000145
0.00017
0.000769
0.001019
0.000144
0.000169
0.000763
0.001012
0.000144
0.000169
0.000765
0.001014
0.000144
0.000169
0.000771
0.001017
0.000144
0.00017
0.000778
0.001022
0.000144
0.000168
0.000773
0.001017
0.000144
0.000169
0.000776
0.001018
0.000144
0.000169
0.000781
0.001022
0.000144
0.000169
0.000784
0.001024
0.000144
0.000168
0.000781
0.001021
0.000144
0.000168
0.000784
0.001022
0.000144
0.000169
0.000791
0.001027
0.000144
0.000168
0.00079
0.001026
0.000144
0.000168
0.000788
0.001024
0.000144
0.000168
0.000792
0.001027
0.000144
0.000169
0.000796
0.00103
0.000144
0.000168
0.000794
0.001027
0.000144
0.000168
0.000794
0.001027
0.000144
0.000168
0.000796
0.001028
0.000144
0.000168
0.0008
0.001031
0.000144
0.000168
0.0008
0.00103
0.000144
0.000167
0.000801
0.00103
0.000144
0.000168
0.000801
0.001031
0.000144
0.000168
0.000803
0.001032
0.000144
0.000168
0.000805
0.001033
0.000144
0.000168
0.000806
0.001033
0.000144
0.000167
0.000805
0.001032
0.000144
0.000167
0.000807
0.001033
0.000144
0.000167
0.000807
0.001033
0.000144
0.000168
0.000809
0.001035
0.000144
0.000167
0.000808
0.001034
0.000144
0.000167
0.000809
0.001034
0.000144
0.000168
0.00081
0.001035
0.000144
0.000167
0.000811
0.001035
0.000144
0.000167
0.00081
0.001035
0.000144
0.000167
0.000811
0.001035
0.000144
0.000167
0.000812
0.001036
0.000144
0.000167
0.000813
0.001036
0.000204
0.000232
0.001041
0.001416
0.000233
0.000272
0.001217
0.00159
0.000227
0.000269
0.001153
0.001532
0.000228
0.000269
0.001158
0.001539
0.000228
0.000269
0.001154
0.001535
0.000228
0.000269
0.001157
0.001539
0.000228
0.000269
0.001155
0.001538
0.000228
0.00027
0.001154
0.001538
0.000228
0.00027
0.001153
0.001538
0.000228
0.00027
0.001152
0.001537
0.000228
0.000269
0.001149
0.001535
0.000228
0.00027
0.001151
0.001537
0.000228
0.00027
0.00115
0.001537
0.000228
0.00027
0.001148
0.001535
0.000228
0.00027
0.001149
0.001537
0.000228
0.00027
0.001149
0.001537
0.000228
0.00027
0.001146
0.001535
0.000228
0.00027
0.001146
0.001535
