0
0
0
0
0
0
0
0
0
0
0
0
0
0
0
0
0
0
0
0
0
0
0
0
0
0
0
0
0
0
0
0
0
0
0
0
0
0
0
0
0
0
0
0
0
0
0
0
0
0
0
0
0
0
0
0
0
0
0
0
0
0
0
0
0
0
0
0
0
0
0
0
0
0
0
0
0
0
0
0
0
0
0
0
0
0
0
0
0
0
0
0
0
0
0
0
0
0
0
0
0
0
0
0
0
0
0
0
0
0
0
0
0
0
0
0
0
0
0
0
0
0
0
0
0
0
0
0
0
0
0
0
0
0
0
0
0
0
0
0
0
0
0
0
0
0
0
0
0
0
0
0
0
0
0
0
0
0
0
0
0
0
0
0
0
0
0
0
0
0
0
0
0
0
0
0
0
0
0
0
0
0
0
0
0
0
0
0
0
0
0
0
0
0
0
0
0
0
0
0
0
0
0
0
0
0
0
0
0
0
0
0
0
0
0
0
0
0
0
0
0
0
0
0
0
0
0
0
0
0
0
0
0
0
0
0
0
0
0
0
0
0
0
0
0
0
0
0
0
0
0
0
0
0
0
0
0
0
0
0
0
0
0
0
0
0
0
0
0
0
0
0
0
0
0
0
0
0
0
0
0
0
0
0
0
0
0
0
0
0
0
0
0
0
0
0
0
0
0
0
0
0
0
0
0
0
0
0
0
0
0
0
0
0
0
0
0
0
0
0
0
0
0
0
0
0
0
0
0
0
0
0
0
0
0
0
0
0
0
0
0
0
0
0
0
0
0
0
0.008584
0.02283
0.047585
0.008266
0.002441
0.004319
0.022301
0.015192
0.000019
0.000457
0.002607
0.001834
0.000116
0.000079
0.000685
0.000605
0.000316
0.000587
0.001487
0.003102
0.000111
0.000088
0.000661
0.000663
3.0219e-6
0.000029
0.000377
0.000319
7.7318e-6
0.00002
0.000011
0.000074
4.9711e-6
5.0157e-6
0.000015
0.000011
0.000123
0.000244
0.000602
0.00132
0.000044
0.000023
0.000325
0.000363
0.00001
0.000032
0.000196
0.000131
7.3033e-6
7.9701e-6
0.000023
0.000044
0.000093
0.000166
0.000356
0.00093
0.00003
0.00003
0.000289
0.000273
0.000134
0.000254
0.000642
0.001527
0.000027
0.000025
0.000346
0.000343
0.000117
0.000251
0.000633
0.001402
0.000011
6.1048e-6
0.000142
0.000175
1.3409e-6
5.6357e-6
0.000035
0.000018
0.000488
0.001036
0.001033
0.005057
0.000146
0.000199
0.002033
0.001722
0.000018
0.000036
0.000224
0.000121
6.2507e-6
0.000346
0.000273
0.00067
0.000036
0.000041
0.000262
0.000228
5.8655e-6
2.0387e-6
0.000039
0.000044
0.000153
0.000488
0.000897
0.002315
0.000089
0.000094
0.000956
0.000823
1.5274e-6
0.000041
0.000303
0.000152
0.000234
0.001013
0.000437
0.003333
0.000243
0.000257
0.002207
0.002024
0.000039
0.000219
0.000932
0.000288
0.0001
0.00058
0.001161
0.000393
1.27e-6
0.000073
0.000528
0.000477
0.000028
0.000085
0.000047
0.000177
0.000047
0.000386
0.000739
0.000311
5.7478e-6
0.000032
0.000286
0.000288
0.000022
0.000039
0.000082
0.000016
7.1009e-6
0.000763
0.000056
0.002097
0.000117
0.000168
0.001332
0.001081
2.9557e-6
0.000039
0.000084
0.00006
0.000016
0.000023
0.000076
0.000022
4.814e-6
3.5527e-6
3.1279e-6
6.0835e-6
3.3652e-7
1.0133e-6
6.6763e-6
3.6325e-6
0.000172
0.00209
5.612e-6
0.007119
0.000573
0.000652
0.004703
0.004131
0.000035
0.00029
0.001632
0.000594
0.000063
0.000138
0.000215
0.000719
0.000034
0.000032
0.000021
0.000023
0.000475
0.003048
0.00138
0.007196
0.000534
0.000563
0.004087
0.003578
0.000018
0.000062
0.000496
0.000257
0.000342
0.001321
0.002349
0.001691
0.000096
0.000207
0.0012
0.002102
0.000017
0.000061
0.000292
0.000106
0.000028
0.000036
0.000032
0.000123
1.6034e-6
6.5446e-6
0.000036
0.00002
0.000132
0.000528
0.001087
0.00061
0.000037
0.000079
0.000566
0.000889
6.8038e-6
0.000023
0.00007
0.000028
0.00023
0.000859
0.001453
0.00122
0.000054
0.000081
0.000635
0.001051
0.000016
0.000032
0.000273
0.000072
0.000021
0.000043
8.4294e-8
0.000123
9.646e-6
0.000016
0.000066
0.000023
8.0107e-7
3.5149e-6
1.2687e-6
0.000016
0.00108
0.003639
0.005466
0.005591
0.000384
0.000901
0.003015
0.006591
0.000175
0.000108
0.000184
0.000052
0.000524
0.001513
0.002768
0.00204
0.000192
0.000361
0.000832
0.002278
0.000079
0.00002
0.000172
0.000058
0.000037
0.000075
0.00018
0.000062
0.000022
0.000039
0.000042
0.000175
4.9196e-7
2.9189e-6
0.000016
0.000038
0.000614
0.001796
0.004382
0.001706
0.000374
0.000815
0.002191
0.004854
0.000169
0.00012
0.000223
0.000169
0.000354
0.000952
0.001441
0.001659
0.000173
0.000351
0.000531
0.001666
0.00033
0.001492
0.000294
0.004916
0.000423
0.001003
0.004902
0.001134
0.000132
0.000153
0.000391
0.000909
0.001025
0.002483
0.003793
0.004252
0.00072
0.00133
0.001301
0.005291
0.000297
0.000141
0.001365
0.001949
0.000309
0.001104
0.00109
0.004844
0.000392
0.000766
0.002462
0.000132
0.000105
0.000193
0.001106
0.00196
9.1617e-6
1.7131e-6
0.000072
0.000079
8.2348e-6
9.9907e-6
0.000034
0.000015
4.6006e-6
7.029e-6
6.0776e-6
0.000028
0.00106
0.002316
0.004154
0.003442
0.000872
0.001549
0.000807
0.005348
0.000271
0.000217
0.000961
0.000978
0.000075
0.000141
0.00051
0.000052
0.000076
0.000133
0.000057
0.000473
0.000034
0.000064
0.000317
0.000094
7.8814e-6
3.7844e-7
0.000058
0.000104
4.7539e-6
6.4475e-6
5.7615e-6
0.000014
0.001093
0.002315
0.00504
0.002821
0.000978
0.001785
0.00056
0.006048
0.000509
0.00062
0.001677
0.000413
0.000038
6.2648e-6
0.000055
0.000084
0.000023
0.000037
0.000065
0.000064
0.000282
0.000587
0.001338
0.000718
0.000287
0.000507
0.000082
0.001654
0.00015
0.000218
0.000701
0.000055
9.5771e-6
0.000014
0.000073
0.000062
6.825e-6
0.000015
0.000042
0.000014
0.000818
0.001636
0.003194
0.002331
0.000801
0.001413
0.000091
0.00447
0.000403
0.000594
0.001935
0.000187
0.000338
0.000674
0.00135
0.001111
0.000211
0.000421
0.001513
0.000101
0.000984
0.001945
0.00214
0.004317
0.000772
0.001458
0.002234
0.003017
0.000383
0.000667
0.001825
0.000568
0.000032
0.000072
0.000168
0.000119
0.000015
0.000022
0.000012
0.000078
0.000283
0.000551
0.001246
0.000715
0.000321
0.000541
0.000134
0.001559
0.000186
0.000315
0.000947
0.000176
0.000368
0.000754
4.2434e-6
0.002629
0.000231
0.000511
0.002001
0.000275
0.000734
0.001456
0.000492
0.00527
0.000476
0.001023
0.003597
0.000688
0.00055
0.000949
0.001116
0.001968
0.000351
0.000562
0.00089
0.000824
0.000601
0.001335
0.000034
0.00467
0.000516
0.001066
0.003822
0.00074
0.000972
0.001666
0.000158
0.005409
0.000643
0.001143
0.00457
0.000452
0.000599
0.000984
0.000019
0.003011
0.000265
0.000472
0.002015
0.000382
0.000085
0.000166
0.000371
0.00101
7.4815e-6
7.8863e-6
0.000089
0.000128
4.327e-6
6.5738e-6
0.000011
9.3623e-6
2.6613e-6
5.1958e-6
0.000016
3.8888e-6
0.000262
0.000479
0.001064
0.000647
0.000735
0.001301
0.002367
0.002093
0.000765
0.001247
0.001477
0.002585
0.000527
0.000894
0.002068
0.001103
0.000345
0.000596
0.001091
0.000849
0.000178
0.000293
0.000057
0.000799
2.1567e-6
0.000012
0.000016
0.00002
5.0865e-6
5.4414e-6
2.9119e-6
9.4519e-6
2.0802e-6
3.2016e-6
6.6623e-7
8.2881e-6
0.00024
0.00043
0.00096
0.000574
0.000305
0.000473
0.000315
0.001148
0.000193
0.000329
0.00094
0.000268
0.000141
0.000247
0.000478
0.000395
0.000423
0.000699
0.000053
0.002153
0.000258
0.0005
0.001972
0.00011
0.000354
0.000566
0.000285
0.001571
0.000539
0.000848
0.000012
0.00244
0.000285
0.000552
0.00228
6.1703e-6
0.000388
0.000615
0.000073
0.001871
0.00022
0.000379
0.001432
0.000024
0.000193
0.000313
0.000053
0.00095
0.000092
0.000162
0.000406
0.000157
0.00035
0.000564
0.00008
0.001739
0.000253
0.000436
0.001313
0.000287
0.000323
0.000491
0.000062
0.001446
0.000229
0.000368
0.000665
0.000568
0.000183
0.000289
0.000292
0.000606
0.000635
0.001023
0.001363
0.001825
0.000597
0.000956
0.001465
0.001793
0.000486
0.000803
0.001631
0.001285
0.000768
0.001202
0.000326
0.00391
0.000448
0.000828
0.002791
0.000506
0.00062
0.000964
0.00048
0.002519
0.000378
0.000661
0.002635
0.000037
0.000375
0.000621
0.001014
0.001148
0.000279
0.000482
0.001241
0.000523
0.000256
0.000416
0.000783
0.000611
0.000352
0.000568
0.000033
0.001814
0.000249
0.000437
0.000994
0.000674
0.000216
0.000378
0.001318
0.000151
0.000298
0.000448
0.000103
0.001246
0.000185
0.000317
0.00095
0.000243
0.000225
0.000342
0.000124
0.00091
0.00014
0.000239
0.000739
0.000136
0.000365
0.000554
8.426e-6
0.001625
0.000209
0.000389
0.001557
0.000113
0.000321
0.000492
0.000387
0.001204
0.00029
0.000446
0.000541
0.000885
0.000182
0.000323
0.001216
0.00007
0.000253
0.000383
0.000078
0.001081
0.000152
0.000264
0.000822
0.000175
0.00018
0.000278
0.000223
0.000661
0.000271
0.000437
0.000583
0.000924
0.000215
0.000373
0.0011
0.000437
0.000306
0.000454
0.000365
0.001045
0.000239
0.00038
0.000749
0.000573
0.000183
0.000315
0.000896
0.000356
0.000229
0.000353
0.000213
0.000908
0.000175
0.000284
0.000584
0.000423
0.000137
0.000232
0.000629
0.000241
0.000166
0.00025
0.000046
0.000722
0.000115
0.000181
0.000171
0.000417
0.000076
0.000132
0.000402
0.000121
0.000059
0.000111
0.000453
0.000042
0.000089
0.000136
0.000085
0.000363
0.000054
0.000096
0.00034
0.000053
0.000044
0.000082
0.000349
0.00002
0.000064
0.0001
0.000085
0.000252
0.000045
0.000078
0.000223
0.000081
0.000044
0.000074
0.000184
0.000095
0.000031
0.000059
0.000247
0.000017
0.000049
0.000075
0.000035
0.000206
0.000031
0.000054
0.000175
0.000054
0.000031
0.000052
0.000129
0.000073
0.000025
0.000045
0.000156
0.000038
0.000023
0.000042
0.000152
0.00003
0.000031
0.000048
0.000054
0.000113
0.000029
0.000045
0.000057
0.000103
0.000021
0.000037
0.000104
0.000049
0.000019
0.000033
0.0001
0.000035
0.000018
0.000031
0.000092
0.000039
0.000025
0.000038
0.000016
0.000112
0.000021
0.000033
0.000034
0.000086
0.000022
0.000033
0.000011
0.000093
0.000013
0.000023
0.000092
0.000017
0.000018
0.000028
0.000038
0.000066
0.000021
0.000031
5.702e-6
0.000099
0.000012
0.000022
0.000077
0.00002
0.000015
0.000024
0.000049
0.000049
0.000019
0.000028
2.5886e-6
0.00009
0.000011
0.000019
0.000069
0.000018
0.000011
0.000019
0.000069
0.000018
0.000017
0.000025
9.5225e-6
0.000077
0.000015
0.000023
0.000019
0.000062
0.000015
0.000023
0.000015
0.000066
9.5563e-6
0.000017
0.00006
0.000019
0.000016
0.000023
2.425e-6
0.000074
0.000011
0.000018
0.000036
0.000039
0.000014
0.000021
5.7398e-6
0.000067
0.000014
0.000021
4.2975e-6
0.000068
8.5555e-6
0.000015
0.000054
0.000018
0.000011
0.000017
0.000027
0.000042
0.000014
0.00002
6.6523e-7
0.000066
8.1452e-6
0.000014
0.000048
0.000019
9.9574e-6
0.000016
0.000029
0.000036
0.000012
0.000018
2.2498e-6
0.00006
7.321e-6
0.000013
0.000045
0.000016
0.000011
0.000016
6.4588e-6
0.000048
7.3048e-6
0.000012
0.000036
0.00002
6.4717e-6
0.000011
0.00004
0.000015
6.4717e-6
0.000011
0.00004
0.000015
