0.000045
0.000058
0.000598
0.000508
0.000035
0.000054
0.000644
0.000588
0.000019
0.000025
0.001153
0.00099
0.000028
0.000056
0.000848
0.000645
0.00003
0.000057
0.000865
0.000666
0.000059
0.000037
0.000996
0.000803
0.000053
0.000056
0.000916
0.00069
0.000066
0.000042
0.000984
0.000753
0.000085
0.000049
0.001074
0.000838
0.000107
0.00003
0.001152
0.000922
0.000109
0.000042
0.001109
0.000845
0.0001
0.000051
0.001044
0.00076
0.000111
0.000039
0.00112
0.000846
0.000109
0.000051
0.00106
0.000765
0.000116
0.000038
0.00114
0.000845
0.000146
0.000026
0.001275
0.000997
0.000136
0.000037
0.001159
0.000826
0.000149
0.000031
0.001236
0.000908
0.000156
0.000032
0.00126
0.000922
0.000167
0.000029
0.001257
0.000921
0.000161
0.000045
0.001212
0.000847
0.000161
0.000045
0.001216
0.000852
0.00019
2.6335e-6
0.001305
0.000963
0.000199
0.000046
0.001347
0.00095
0.000181
0.000042
0.00127
0.000879
0.000208
0.000027
0.001263
0.000607
0.000201
0.000027
0.001618
0.001206
0.000195
0.000041
0.001307
0.000893
0.000193
0.00004
0.001313
0.000903
0.00022
9.7089e-6
0.001397
0.001019
0.000202
0.000038
0.001317
0.000887
0.000206
0.000038
0.00135
0.000922
0.00023
4.6764e-6
0.001568
0.001179
0.000216
0.000037
0.001361
0.000911
0.00023
0.000018
0.001488
0.001071
0.000245
0.000015
0.001508
0.001084
0.000255
0.000028
0.001613
0.001164
0.000236
0.000033
0.001447
0.000975
0.000248
3.0217e-6
0.001478
0.001025
0.000252
0.000018
0.00156
0.001076
0.000258
0.000015
0.001624
0.001155
0.000257
0.000016
0.001593
0.001101
0.000264
0.000011
0.001636
0.001149
0.000275
0.000014
0.001647
0.001154
0.000266
0.000027
0.001552
0.00103
0.000294
0.000039
0.001598
0.001121
0.000277
0.000027
0.001543
0.000998
0.00029
1.6579e-6
0.001653
0.001139
0.000304
0.000016
0.0018
0.001262
0.000496
0.000049
0.002933
0.002224
0.000313
0.000016
0.001757
0.001162
0.000302
0.000019
0.00168
0.001099
0.000315
4.8223e-6
0.001766
0.001221
0.00033
0.000013
0.001899
0.001331
0.000312
0.000018
0.001721
0.001123
0.000331
0.000023
0.001954
0.001427
0.000319
0.000016
0.001699
0.001079
0.00032
0.000017
0.001748
0.001134
0.000361
0.000074
0.00173
0.000788
0.00043
0.000028
0.002383
0.001664
0.000557
0.00004
0.003212
0.002198
0.000343
9.2359e-6
0.001861
0.001178
0.000338
0.000011
0.001823
0.001177
0.000388
0.000077
0.001869
0.000884
0.000455
0.000032
0.002507
0.001779
0.000372
0.000051
0.001878
0.001246
0.00047
0.000021
0.002583
0.001692
0.000589
0.000102
0.003161
0.001789
0.00036
0.000063
0.002368
0.001709
0.000379
6.1932e-6
0.002
0.001326
0.000377
0.000041
0.001929
0.001246
0.000448
0.000075
0.002285
0.001353
0.000368
0.00002
0.001998
0.001286
0.000373
1.8616e-6
0.001968
0.001257
0.000387
0.000032
0.001998
0.001327
0.00037
0.000019
0.002024
0.001323
0.00038
2.7989e-6
0.001978
0.001264
0.000377
2.2273e-6
0.001977
0.001258
0.000459
0.000188
0.002923
0.002603
0.000363
0.000129
0.002475
0.001856
0.000398
7.5397e-6
0.002077
0.001292
0.00041
5.8477e-6
0.002119
0.001333
0.000466
0.000098
0.002212
0.001059
0.000466
0.000074
0.002813
0.002181
0.000477
0.000045
0.002483
0.001804
0.000459
0.000019
0.002363
0.001582
0.000457
0.000031
0.002391
0.001609
0.000561
0.000024
0.003112
0.002261
0.000565
0.000039
0.002833
0.001983
0.000461
0.000055
0.002421
0.001615
0.000466
0.000043
0.002398
0.001604
0.000477
0.000097
0.002393
0.001619
0.000682
0.000053
0.003835
0.00259
0.000513
0.000048
0.002795
0.001963
0.000471
0.000038
0.002485
0.001547
0.000481
0.000019
0.00249
0.001562
0.000528
0.000118
0.002449
0.001147
0.000468
0.000048
0.002541
0.001655
0.000497
0.000108
0.002466
0.00171
0.000479
0.000028
0.002377
0.001456
0.000485
0.000057
0.002568
0.001697
0.000493
0.000084
0.002724
0.001893
0.000581
0.000063
0.00316
0.001966
0.000633
0.000011
0.003283
0.002374
0.000668
0.000089
0.002967
0.002167
0.000525
0.000031
0.002645
0.001656
0.000514
0.000098
0.00282
0.001949
0.000798
0.000149
0.004086
0.002241
0.001546
0.000299
0.007784
0.003884
0.001639
0.000371
0.009896
0.008967
0.0006
0.000463
0.002687
0.002158
0.00057
0.000058
0.002746
0.001707
0.000559
0.000084
0.002929
0.001924
0.000688
3.2761e-6
0.003771
0.002673
0.000561
0.000081
0.002982
0.001951
0.000553
0.000071
0.002894
0.00182
0.000844
0.00008
0.004579
0.003255
0.000568
0.000115
0.003033
0.002057
0.000573
0.000082
0.003039
0.001993
0.000707
0.000064
0.003745
0.002599
0.000653
0.000329
0.003459
0.003058
0.00052
0.000253
0.00403
0.003066
0.000554
0.000159
0.003439
0.002361
0.000598
0.000074
0.003119
0.00193
0.000601
0.000074
0.003109
0.001917
0.000764
0.000175
0.003737
0.001766
0.000623
0.000241
0.003698
0.002867
0.000758
0.000085
0.004885
0.003628
0.001163
0.000204
0.006379
0.003358
0.000593
0.000118
0.003224
0.002052
0.000637
0.000086
0.003328
0.002009
0.00064
0.00009
0.003387
0.002106
0.000914
0.00001
0.004802
0.003108
0.001088
0.000074
0.006239
0.003636
0.000691
0.000162
0.004242
0.003118
0.000663
0.000102
0.00352
0.002192
0.000795
0.000014
0.004345
0.002968
0.000661
0.000129
0.003566
0.002298
0.000915
0.000056
0.005098
0.003682
0.00129
0.000028
0.006572
0.004161
0.001031
0.000011
0.006224
0.005075
0.000746
0.000315
0.003522
0.002276
0.000909
0.000067
0.005176
0.003761
0.000698
0.000124
0.003722
0.002358
0.000685
0.000216
0.003784
0.002622
0.000915
7.1361e-6
0.00527
0.003758
0.000766
0.000148
0.003789
0.002545
0.000708
0.000128
0.003862
0.002407
0.000706
0.000158
0.003857
0.002483
0.001275
0.00015
0.006815
0.004379
0.001322
0.00024
0.008703
0.006279
0.00079
0.000119
0.0045
0.003088
0.000734
0.000143
0.004026
0.002512
0.000905
0.000178
0.004802
0.002349
0.000704
0.000334
0.004149
0.003053
0.000724
0.000213
0.004207
0.002678
0.001152
0.000054
0.006256
0.0037
0.000763
0.000176
0.00438
0.002887
0.000763
0.000153
0.004265
0.002659
0.00089
0.000096
0.004894
0.002943
0.000847
0.000139
0.00491
0.003222
0.000827
0.000136
0.00455
0.003087
0.000856
0.00019
0.004687
0.002675
0.000746
0.000285
0.004321
0.002968
0.000769
0.000217
0.004474
0.002869
0.000781
0.000202
0.004493
0.002902
0.000787
0.000178
0.004548
0.002906
0.001254
0.000013
0.006774
0.003366
0.001476
0.000384
0.008519
0.005641
0.000809
0.000221
0.004896
0.003344
0.001096
7.3158e-6
0.006294
0.003973
0.00109
0.000058
0.007057
0.004672
0.000814
0.000194
0.004724
0.003009
0.000806
0.000212
0.004686
0.002966
0.000783
0.000287
0.004611
0.003001
0.000993
0.000052
0.005756
0.003767
0.000805
0.000231
0.004814
0.003032
0.00081
0.000269
0.00483
0.003187
0.000956
0.000149
0.005623
0.003459
0.001052
0.000041
0.006444
0.003959
0.00083
0.000221
0.004982
0.00319
0.00078
0.000335
0.004718
0.002896
0.000869
0.000224
0.005014
0.003201
0.000853
0.000228
0.005076
0.003229
0.001194
0.000196
0.007056
0.002334
0.000844
0.000256
0.005063
0.003139
0.001006
0.000064
0.006133
0.003921
0.001119
0.000027
0.006764
0.003768
0.001264
0.000136
0.007852
0.004601
0.001178
0.000086
0.008187
0.004969
0.000928
0.000175
0.005214
0.003277
0.000874
0.000274
0.005442
0.003563
0.000868
0.000238
0.005333
0.003248
0.000883
0.000246
0.005444
0.003418
0.001015
0.000148
0.00611
0.003548
0.000856
0.000286
0.005362
0.003294
0.00103
0.000139
0.006117
0.003521
0.001141
0.00001
0.007017
0.004098
0.000854
0.000299
0.005465
0.003376
0.001258
6.3822e-6
0.007325
0.003418
0.000854
0.000308
0.005433
0.003367
0.000875
0.000287
0.005577
0.00336
0.001065
0.000119
0.006313
0.003578
0.000898
0.000279
0.005638
0.00343
0.000892
0.000283
0.005715
0.003471
0.000902
0.000282
0.005827
0.003611
0.000908
0.00028
0.005845
0.003628
0.001179
0.000054
0.007075
0.003669
0.00154
0.000413
0.009603
0.005468
0.000857
0.000307
0.006266
0.003654
0.000929
0.000275
0.005943
0.003663
0.000915
0.000291
0.005957
0.003661
0.000921
0.000288
0.005931
0.003638
0.000937
0.000261
0.006305
0.003945
0.000934
0.000246
0.005976
0.003631
0.000936
0.000292
0.006187
0.003948
0.000928
0.000282
0.00609
0.00375
0.001051
0.000183
0.006661
0.003729
0.000914
0.000316
0.005967
0.003667
0.000933
0.0003
0.006166
0.003883
0.001066
0.00018
0.006787
0.003861
0.001953
0.000543
0.01128
0.002854
0.000868
0.000319
0.005755
0.003111
0.000918
0.000322
0.006172
0.003804
0.000947
0.000305
0.006295
0.003945
0.001234
0.000031
0.007603
0.004025
0.001093
0.000091
0.007697
0.004733
0.000955
0.000293
0.006258
0.003877
0.00108
0.00018
0.006938
0.003958
0.000927
0.000334
0.006196
0.003851
0.000933
0.000322
0.006269
0.003821
0.000947
0.00031
0.006392
0.003961
0.000941
0.000318
0.006361
0.003917
0.000906
0.000346
0.006173
0.00358
0.00098
0.00028
0.00623
0.003735
0.000957
0.00032
0.006482
0.004049
0.000972
0.000269
0.006902
0.004114
0.000955
0.000317
0.006397
0.003878
0.001044
0.000166
0.007961
0.004787
0.000932
0.000354
0.006302
0.003736
0.000965
0.00033
0.006617
0.004149
0.000945
0.00034
0.006516
0.003919
0.001382
0.000086
0.008277
0.003717
0.00099
0.000302
0.006493
0.003927
0.000979
0.000319
0.006825
0.004222
0.000962
0.000332
0.006681
0.004101
0.00107
0.000142
0.00827
0.004885
0.000991
0.000328
0.006046
0.003121
0.001005
0.000263
0.007446
0.00413
0.001177
0.000061
0.009136
0.004861
0.00097
0.000394
0.006841
0.004414
0.001117
0.00023
0.007515
0.004318
0.000946
0.000387
0.006711
0.004057
0.00098
0.000361
0.006838
0.004255
0.001296
0.000011
0.008224
0.004498
0.001521
0.000292
0.010153
0.004903
0.001107
0.000118
0.008983
0.00518
0.000988
0.000347
0.006915
0.004077
0.000991
0.000364
0.007058
0.004379
0.000993
0.000363
0.00706
0.004385
0.001062
0.000295
0.007473
0.004163
0.001628
0.000345
0.009714
0.004747
0.001558
0.000348
0.011008
0.005072
0.000916
0.000427
0.006471
0.003517
0.001006
0.00036
0.007131
0.004282
0.000996
0.00038
0.007213
0.004473
0.001318
0.000028
0.00845
0.0044
0.000959
0.000411
0.006983
0.004134
0.001033
0.00033
0.007708
0.00475
0.001004
0.000384
0.007279
0.004515
0.001169
0.000199
0.007905
0.004508
0.000969
0.000411
0.007084
0.00423
0.001007
0.000387
0.007279
0.004451
0.001769
0.000503
0.010599
0.005237
0.001097
0.000196
0.009138
0.005264
0.00106
0.000343
0.007326
0.00433
0.001012
0.000407
0.007443
0.004601
0.001019
0.000396
0.007471
0.004625
0.001024
0.000354
0.007806
0.004301
0.000967
0.000452
0.007009
0.004163
0.001041
0.000381
0.007756
0.00469
0.001492
0.000078
0.008398
0.003639
0.0018
0.000494
0.010239
0.004057
0.001175
0.000068
0.010113
0.005429
0.001041
0.000403
0.007055
0.004151
0.00133
0.000079
0.008466
0.004165
0.001123
0.000345
0.007798
0.004507
0.001138
0.000396
0.007949
0.004974
0.001029
0.000425
0.007751
0.004573
0.00103
0.000442
0.007938
0.004882
0.001035
0.000435
0.008162
0.004887
0.001053
0.000417
0.007998
0.004754
0.00107
0.000404
0.008053
0.004724
0.001043
0.000437
0.007989
0.004862
0.001062
0.000406
0.008375
0.004998
0.001033
0.00045
0.008025
0.004848
0.001016
0.000437
0.009377
0.005459
0.001105
0.000389
0.008178
0.004737
0.001061
0.000439
0.008157
0.004959
0.001041
0.000448
0.008573
0.005104
0.001082
0.000419
0.008196
0.004857
0.001061
0.000441
0.008168
0.004887
0.001061
0.000455
0.008492
0.005154
0.001092
0.000385
0.008069
0.004503
0.001085
0.000442
0.008401
0.005116
0.001064
0.000457
0.008393
0.005116
0.001469
0.000026
0.009797
0.004156
0.001971
0.000632
0.011854
0.004586
0.001077
0.000475
0.008457
0.005169
0.001073
0.000458
0.00841
0.005044
0.001221
0.000283
0.00891
0.004868
0.001444
0.000011
0.009957
0.004621
0.001817
0.000439
0.011744
0.004915
0.001482
0.000071
0.011706
0.005775
0.001098
0.000484
0.008894
0.005684
0.001061
0.000488
0.008474
0.005028
0.001185
0.000358
0.009668
0.00547
0.00112
0.00046
0.008928
0.005468
0.001081
0.000484
0.008691
0.005172
0.001365
0.000142
0.009547
0.004619
0.001575
0.000108
0.010602
0.004661
0.001131
0.000489
0.009362
0.006057
0.001094
0.00049
0.008931
0.005334
0.001714
0.000255
0.010503
0.003941
0.001558
0.000078
0.010802
0.005264
0.001205
0.000326
0.010851
0.006069
0.001138
0.000481
0.009191
0.005726
0.001095
0.000485
0.008731
0.004944
0.001142
0.000462
0.009198
0.005396
0.001116
0.0005
0.00946
0.005726
0.001121
0.000484
0.009184
0.005523
0.001302
0.000263
0.009991
0.005387
0.001164
0.000483
0.009754
0.006002
0.001078
0.000543
0.009085
0.005473
0.001216
0.000383
0.009391
0.005236
0.001192
0.000443
0.009476
0.00562
0.00112
0.000509
0.009132
0.005351
0.001321
0.000255
0.009902
0.00513
0.001403
0.000175
0.010485
0.005412
0.001703
0.000192
0.011802
0.004599
0.001509
0.000088
0.011359
0.006028
0.001238
0.000443
0.010356
0.006394
0.001054
0.000579
0.00911
0.005396
0.001246
0.000357
0.009187
0.004773
0.001579
0.000043
0.010562
0.004263
0.001553
0.000023
0.010705
0.005117
0.001183
0.000515
0.010692
0.00681
0.001233
0.00039
0.011043
0.006371
0.001465
0.000046
0.011388
0.00511
0.001127
0.000544
0.009506
0.005685
0.001203
0.000421
0.009965
0.00543
0.001173
0.000461
0.009798
0.00547
0.001227
0.000452
0.009954
0.005784
0.001146
0.000534
0.009578
0.005723
0.001241
0.000405
0.009651
0.005099
0.002276
0.000967
0.013477
0.000479
0.002521
0.001083
0.012987
0.003122
0.001306
0.000513
0.011839
0.008371
0.001178
0.000502
0.009461
0.005087
0.001162
0.000535
0.009668
0.005552
0.001147
0.000544
0.009601
0.005485
0.001581
9.5476e-6
0.010592
0.004353
0.001467
0.000208
0.010743
0.005243
0.001466
0.000236
0.011759
0.006545
0.001109
0.000613
0.00968
0.005769
0.001282
0.000439
0.010079
0.00559
0.001193
0.000536
0.010494
0.006296
0.001174
0.000549
0.00977
0.00567
0.001153
0.000549
0.009532
0.005294
0.001255
0.000399
0.010635
0.005266
0.001232
0.000529
0.010733
0.00657
0.001193
0.000522
0.010548
0.006173
0.00119
0.000508
0.010581
0.005898
0.001295
0.000446
0.010425
0.005746
0.001307
0.000424
0.010474
0.005676
0.001339
0.000382
0.010295
0.005425
0.001191
0.000528
0.010511
0.005894
0.001157
0.000579
0.009818
0.005536
0.001154
0.000582
0.009839
0.005548
0.001154
0.000581
0.009844
0.005547
0.001157
0.000579
0.009863
0.005566
0.001157
0.000579
0.009866
0.005564
0.001239
0.000504
0.010154
0.005576
0.001165
0.000574
0.009895
0.00557
0.001159
0.000578
0.009872
0.005549
0.001329
0.000416
0.010442
0.005508
0.001202
0.000549
0.011012
0.006354
0.001151
0.000587
0.009634
0.005255
0.001147
0.000602
0.009859
0.005581
0.001475
0.000234
0.010434
0.004806
0.001221
0.000562
0.011622
0.007045
0.001122
0.000639
0.010768
0.006269
0.001163
0.00059
0.009971
0.005585
0.001242
0.000481
0.010213
0.005201
0.001365
0.000354
0.010413
0.005021
0.001294
0.000488
0.011232
0.006358
0.001202
0.00055
0.009984
0.00538
0.00118
0.000578
0.009927
0.005444
0.001222
0.000519
0.010426
0.005533
0.001243
0.000519
0.01034
0.005597
0.001276
0.000471
0.01078
0.005561
0.001252
0.000505
0.010911
0.005932
0.00118
0.000587
0.010113
0.005644
0.00118
0.000582
0.010154
0.005625
0.001169
0.000597
0.010046
0.005561
0.001168
0.000599
0.010005
0.005539
0.001253
0.000518
0.01028
0.005497
0.001251
0.000524
0.010608
0.005787
0.001211
0.000567
0.010386
0.005736
0.001294
0.000481
0.009993
0.005139
0.001177
0.000616
0.010436
0.005983
0.001155
0.00062
0.010015
0.005531
0.00133
0.000398
0.01038
0.004697
0.001368
0.000391
0.010315
0.005023
0.001387
0.000377
0.010925
0.00525
0.001305
0.000491
0.011382
0.006279
0.001238
0.000538
0.010304
0.005382
0.001164
0.000618
0.009926
0.005368
0.001231
0.000565
0.010364
0.005536
0.001264
0.000508
0.010961
0.005605
0.001269
0.000527
0.010322
0.00544
0.001245
0.000545
0.010134
0.005262
0.001242
0.000561
0.010316
0.005479
0.001182
0.000613
0.010136
0.005445
0.001174
0.000623
0.010129
0.005488
0.001255
0.000547
0.010386
0.005432
0.001259
0.000527
0.011079
0.005692
0.001247
0.000546
0.010955
0.00573
0.001374
0.00043
0.010719
0.005186
0.00119
0.000623
0.010961
0.005977
0.001181
0.000633
0.010148
0.005329
0.001314
0.000507
0.010695
0.005354
0.001393
0.000435
0.010848
0.005283
0.001567
0.0002
0.011511
0.004019
0.001288
0.002257
0.013162
0.008768
0.000158
0.001125
0.014992
0.001293
0.000259
0.000983
0.012461
0.003908
0.000094
0.000604
0.009942
0.004698
0.000113
0.000374
0.006222
0.006095
0.000146
0.00037
0.006197
0.00602
0.000122
0.0004
0.006208
0.006108
0.000141
0.000387
0.006409
0.005944
0.000122
0.00041
0.006305
0.006078
0.000125
0.00041
0.00636
0.006039
0.000127
0.000409
0.006378
0.006028
0.000127
0.00041
0.006385
0.006023
0.000127
0.00041
0.006387
0.006023
0.000127
0.00041
0.006387
0.006023
0.000128
0.000408
0.006398
0.006008
0.000127
0.000409
0.006379
0.006025
0.000128
0.000408
0.006384
0.006017
0.000128
0.000407
0.006387
0.006014
0.000128
0.000408
0.006384
0.006017
0.000128
0.000408
0.006385
0.006017
0.000128
0.000408
0.00639
0.006013
0.000128
0.000409
0.006394
0.006014
0.000127
0.00041
0.006393
0.006015
0.000128
0.000408
0.006396
0.00601
0.000127
0.00041
0.00638
0.006025
0.000127
0.00041
0.00638
0.006025
