0.000042
0.000049
0.000511
0.00042
0.000049
0.000068
0.000606
0.000509
0.000045
0.000059
0.000597
0.000505
0.000032
0.000057
0.000664
0.000614
0.000034
0.000054
0.000656
0.000599
0.000034
0.000054
0.000688
0.000609
0.000033
0.000055
0.000708
0.000615
7.6784e-6
0.00007
0.001078
0.000955
0.00001
8.9502e-6
0.000997
0.000692
0.000089
0.000044
0.001516
0.001222
0.000105
0.000037
0.001512
0.001263
0.000066
0.000039
0.000941
0.000566
0.000161
0.000018
0.001747
0.001306
0.000066
0.000055
0.000961
0.000703
0.000073
0.000054
0.000967
0.000718
0.000073
0.000054
0.000971
0.000721
0.000143
0.000069
0.001401
0.001119
0.000087
0.000031
0.000995
0.000723
0.000106
0.000045
0.001109
0.000858
0.000092
0.000052
0.001015
0.000743
0.000102
0.000038
0.00108
0.000809
0.000121
0.000044
0.001154
0.000876
0.000109
0.00005
0.001067
0.000774
0.000176
0.000063
0.001509
0.001184
0.000128
0.000023
0.001086
0.000765
0.000253
1.7804e-6
0.001695
0.001148
0.000162
0.000021
0.001139
0.000749
0.000185
0.000032
0.001242
0.000773
0.000191
0.000023
0.00143
0.001152
0.000211
0.000104
0.001256
0.000514
0.000164
0.000012
0.001607
0.001265
0.000202
8.5886e-7
0.001424
0.000971
0.000165
0.000045
0.001202
0.000835
0.000168
0.000044
0.001234
0.000862
0.000181
0.00002
0.001275
0.000917
0.000213
9.9499e-6
0.001454
0.001117
0.000187
0.00004
0.001279
0.00088
0.000187
0.00004
0.00129
0.000891
0.000201
0.000018
0.001351
0.00097
0.000213
0.000031
0.001462
0.00106
0.000218
0.000028
0.001477
0.001075
0.000207
0.000037
0.001345
0.000917
0.00023
0.000044
0.001317
0.000616
0.000221
4.9958e-7
0.001335
0.000898
0.000256
4.2456e-6
0.0016
0.001133
0.000233
0.000032
0.001556
0.001113
0.000256
6.588e-6
0.001565
0.00116
0.000235
0.000035
0.001412
0.000935
0.000249
0.000012
0.001527
0.001083
0.000239
0.000026
0.001501
0.001037
0.000268
0.000019
0.001585
0.001143
0.000251
0.000032
0.001451
0.00095
0.000264
5.631e-7
0.001528
0.00105
0.000256
0.000029
0.001499
0.000992
0.000271
0.000012
0.001639
0.001165
0.000282
0.000016
0.001679
0.001192
0.000267
0.000027
0.001552
0.00103
0.000291
0.000012
0.001783
0.001331
0.000274
0.000026
0.001549
0.001002
0.000275
0.000026
0.00159
0.001049
0.000325
4.2814e-6
0.001784
0.001198
0.00029
4.9758e-6
0.001637
0.001121
0.000301
0.000015
0.001782
0.001242
0.000319
0.000026
0.001808
0.001322
0.000307
0.00003
0.001713
0.00115
0.000296
0.000023
0.001666
0.001091
0.000311
2.5233e-6
0.00175
0.001212
0.000325
0.000013
0.001879
0.00132
0.000329
6.8208e-6
0.001855
0.001298
0.000336
8.658e-6
0.001894
0.001326
0.000339
3.373e-6
0.001877
0.001313
0.000365
0.000079
0.001898
0.000958
0.000343
8.2649e-6
0.002018
0.001398
0.000344
1.4243e-6
0.001949
0.001333
0.000335
0.000013
0.001813
0.001174
0.000348
0.000012
0.001904
0.001303
0.000362
3.7722e-6
0.002031
0.00141
0.000344
9.0889e-6
0.001841
0.001187
0.000343
0.000011
0.001843
0.001187
0.000363
0.000029
0.002118
0.00152
0.00036
7.9327e-6
0.001939
0.001295
0.000361
0.000011
0.001993
0.001352
0.000374
6.9595e-6
0.002036
0.001392
0.000407
0.000056
0.002315
0.00177
0.000372
3.3097e-6
0.001959
0.001248
0.000373
3.4313e-6
0.00196
0.001249
0.000397
0.000084
0.002434
0.001847
0.000382
1.5834e-6
0.001981
0.001235
0.000402
0.000028
0.002129
0.001433
0.000437
0.000068
0.002477
0.001878
0.000407
9.1727e-6
0.002083
0.001315
0.000405
6.7227e-6
0.00211
0.001336
0.000418
0.000032
0.002212
0.001488
0.000411
7.5293e-6
0.002105
0.001328
0.000431
0.000077
0.002234
0.001543
0.000417
9.9572e-6
0.002123
0.00133
0.000419
8.4085e-6
0.002156
0.001358
0.000428
0.000041
0.002232
0.001482
0.000425
9.4336e-6
0.002168
0.001371
0.000423
0.000011
0.002154
0.001355
0.000478
0.000102
0.002256
0.00108
0.000476
0.00008
0.002869
0.002221
0.000438
0.000021
0.002237
0.001411
0.000437
0.000015
0.002246
0.001409
0.000456
0.000093
0.002315
0.001595
0.00044
0.000019
0.002225
0.001375
0.000446
0.000016
0.002278
0.001424
0.000454
0.00005
0.002362
0.001562
0.000449
0.00002
0.002286
0.00143
0.000449
0.000046
0.002406
0.001588
0.000447
0.000019
0.002283
0.001413
0.000455
0.000046
0.002437
0.001611
0.000454
0.000021
0.002303
0.001427
0.000459
0.000048
0.002452
0.00162
0.000474
0.000075
0.002602
0.00182
0.000468
0.000026
0.002365
0.001477
0.000479
0.000116
0.002709
0.001985
0.000461
0.000082
0.002731
0.001902
0.000472
0.000024
0.002416
0.001492
0.000479
0.000026
0.002437
0.001516
0.000538
0.000116
0.002574
0.001261
0.000493
0.000066
0.002793
0.001939
0.0005
0.000056
0.002587
0.001731
0.000493
0.000032
0.00249
0.001555
0.000488
0.000032
0.002495
0.001554
0.000489
0.000093
0.002711
0.001876
0.000509
0.000056
0.002672
0.001773
0.000507
0.000083
0.002801
0.001915
0.000508
0.00006
0.002706
0.001757
0.000516
0.000068
0.002696
0.001771
0.000523
0.000065
0.002733
0.001801
0.000628
6.3232e-6
0.003327
0.002329
0.000516
0.000064
0.002755
0.001785
0.000806
0.000136
0.004004
0.002108
0.000914
0.000142
0.005209
0.004143
0.000536
0.000048
0.002763
0.001781
0.000533
0.000046
0.002623
0.001609
0.000623
0.000079
0.00306
0.001738
0.000708
0.000012
0.003965
0.00295
0.000544
0.000131
0.002627
0.001636
0.000553
0.000108
0.003033
0.002115
0.000628
0.000051
0.003414
0.00236
0.000559
0.000064
0.002962
0.001947
0.000549
0.000052
0.002802
0.001741
0.000609
0.000137
0.002987
0.001505
0.001469
0.000902
0.006134
0.000137
0.00228
0.000595
0.012858
0.010178
0.000506
0.00032
0.003785
0.003001
0.000588
0.000061
0.003039
0.002
0.000586
0.000064
0.00303
0.001863
0.000589
0.000066
0.003012
0.001855
0.000608
0.000216
0.003217
0.002434
0.000593
0.000065
0.00301
0.001809
0.000607
0.000114
0.00309
0.001979
0.000766
0.000193
0.003923
0.002068
0.000844
0.000029
0.004792
0.00361
0.000608
0.000093
0.003227
0.002083
0.000614
0.000111
0.003204
0.002067
0.000614
0.000078
0.003177
0.001962
0.000624
0.000152
0.003277
0.002243
0.000619
0.000118
0.003324
0.002146
0.000623
0.000083
0.003255
0.002018
0.000718
0.00011
0.003662
0.002059
0.000634
0.00016
0.003527
0.002466
0.000659
0.000245
0.003661
0.002874
0.000639
0.000199
0.003615
0.002536
0.000652
0.0001
0.003447
0.002136
0.000653
0.000098
0.003454
0.002145
0.000713
0.000164
0.003666
0.001915
0.000631
0.00029
0.003636
0.002754
0.000674
0.000177
0.003847
0.002827
0.000669
0.000098
0.003546
0.002174
0.000669
0.000105
0.003561
0.002209
0.000776
0.000103
0.004071
0.00238
0.000684
0.000274
0.00356
0.002575
0.000682
0.000107
0.003659
0.002258
0.000739
0.000169
0.003878
0.002027
0.00068
0.000195
0.003839
0.002685
0.000683
0.000143
0.003768
0.002378
0.000691
0.00013
0.003746
0.002368
0.000689
0.000188
0.003742
0.002485
0.000695
0.000163
0.003799
0.002453
0.000704
0.00022
0.003889
0.0027
0.000718
0.000331
0.004238
0.003349
0.000836
0.00019
0.005102
0.003562
0.000722
0.000169
0.004155
0.002712
0.000736
0.000136
0.004029
0.002512
0.000732
0.000137
0.004029
0.002506
0.000725
0.000198
0.004031
0.002643
0.000729
0.000178
0.00407
0.002607
0.000738
0.000155
0.004118
0.002627
0.000739
0.000145
0.004071
0.002551
0.000841
0.000132
0.004518
0.002528
0.001488
0.000107
0.007779
0.002813
0.000749
0.000272
0.00453
0.003349
0.000749
0.000155
0.004167
0.002566
0.000756
0.000153
0.004211
0.002625
0.000903
0.000043
0.005075
0.003272
0.002086
0.000967
0.01261
0.009683
0.000746
0.000201
0.004549
0.003068
0.000772
0.000156
0.004283
0.002619
0.000775
0.000186
0.004376
0.002773
0.00077
0.000198
0.004404
0.002805
0.000773
0.000202
0.004427
0.002837
0.000774
0.000201
0.004467
0.002863
0.001007
0.000105
0.005627
0.003112
0.001378
0.000188
0.008061
0.00474
0.000794
0.000212
0.004708
0.003159
0.000796
0.000181
0.004549
0.002844
0.000871
0.000192
0.004957
0.002697
0.000771
0.000267
0.004551
0.002978
0.000807
0.000182
0.004643
0.002893
0.000803
0.000205
0.004642
0.002947
0.000799
0.000211
0.004677
0.002967
0.000798
0.000228
0.004665
0.00297
0.000794
0.000233
0.004746
0.003019
0.000808
0.000218
0.004753
0.00302
0.000796
0.000256
0.004743
0.003032
0.000816
0.000231
0.004814
0.003103
0.000808
0.000233
0.004824
0.003046
0.000817
0.000221
0.004866
0.003062
0.000823
0.000231
0.00488
0.003108
0.000827
0.000226
0.004997
0.003182
0.000818
0.000249
0.00484
0.003012
0.000841
0.000218
0.005033
0.003164
0.000974
0.000133
0.005675
0.003325
0.000819
0.000262
0.005008
0.003171
0.000847
0.000222
0.005087
0.003204
0.000838
0.000242
0.005126
0.003235
0.000849
0.000225
0.005127
0.00322
0.000848
0.000232
0.005114
0.0032
0.000856
0.000222
0.005144
0.003234
0.000848
0.000235
0.005129
0.003208
0.000848
0.000239
0.005151
0.003229
0.000856
0.00023
0.00526
0.003315
0.000858
0.000218
0.005139
0.003197
0.000862
0.000238
0.005216
0.003303
0.000856
0.000241
0.005221
0.003268
0.000865
0.000229
0.005242
0.00329
0.001016
0.000071
0.006141
0.003911
0.000867
0.00023
0.005261
0.003303
0.000854
0.000253
0.005236
0.00324
0.000868
0.000235
0.005321
0.003335
0.000864
0.000246
0.005294
0.003311
0.000858
0.000256
0.005285
0.003269
0.001063
0.000018
0.006751
0.00432
0.000882
0.000234
0.005364
0.003344
0.000885
0.00023
0.005659
0.003568
0.000884
0.000238
0.005404
0.003375
0.000874
0.000248
0.005503
0.003433
0.000862
0.000255
0.005384
0.003256
0.000879
0.000259
0.005507
0.003438
0.000881
0.000259
0.005513
0.003425
0.000893
0.000248
0.005536
0.003462
0.000886
0.000258
0.005543
0.00346
0.001568
0.000281
0.008694
0.003899
0.000904
0.000243
0.005296
0.003215
0.000894
0.000268
0.00567
0.003538
0.000885
0.000268
0.005715
0.003483
0.000897
0.000268
0.005742
0.003569
0.000891
0.000281
0.005706
0.003491
0.0009
0.000278
0.005772
0.003575
0.000892
0.000286
0.005748
0.003503
0.00101
0.000127
0.006948
0.004355
0.000911
0.000279
0.005858
0.003658
0.000905
0.000282
0.005838
0.003577
0.000895
0.000267
0.00596
0.003505
0.000911
0.000283
0.005977
0.003697
0.000933
0.000281
0.005955
0.003721
0.000919
0.000298
0.005989
0.003718
0.000925
0.00029
0.006045
0.003784
0.000888
0.000315
0.005864
0.003427
0.000895
0.000317
0.005919
0.003449
0.000955
0.000265
0.006061
0.003712
0.000922
0.000312
0.006107
0.003741
0.000935
0.000297
0.006262
0.003882
0.000937
0.000304
0.00622
0.003891
0.000917
0.000296
0.006243
0.003676
0.000923
0.000291
0.006195
0.003687
0.001579
0.000361
0.008993
0.004491
0.000944
0.000314
0.005939
0.003599
0.000955
0.000319
0.006412
0.003979
0.000901
0.000353
0.006189
0.003547
0.000937
0.000337
0.006386
0.003841
0.000909
0.00036
0.006249
0.003599
0.000953
0.000327
0.006701
0.004103
0.000942
0.000328
0.006592
0.003938
0.000942
0.000337
0.006472
0.003795
0.000958
0.000343
0.006633
0.004127
0.000977
0.000298
0.007098
0.004321
0.000963
0.000338
0.006692
0.004065
0.00092
0.000381
0.006441
0.003744
0.000965
0.000332
0.006993
0.004236
0.00097
0.000323
0.006801
0.004091
0.000978
0.000347
0.006843
0.004241
0.000974
0.000346
0.006826
0.004198
0.00098
0.00033
0.007084
0.004302
0.000913
0.000367
0.006753
0.003971
0.001003
0.000327
0.007356
0.004548
0.000982
0.000369
0.006941
0.004326
0.000947
0.000394
0.006748
0.004004
0.000985
0.000361
0.006945
0.004197
0.000982
0.000369
0.007015
0.004303
0.001019
0.000262
0.008068
0.004638
0.000996
0.000367
0.00683
0.004163
0.000993
0.000378
0.007188
0.004486
0.001005
0.000348
0.00738
0.004494
0.000994
0.000376
0.007148
0.004424
0.001
0.000372
0.007173
0.004446
0.001014
0.000314
0.00764
0.004418
0.001
0.000354
0.007245
0.004197
0.000999
0.000391
0.007246
0.004487
0.000993
0.000392
0.007188
0.004363
0.000992
0.000398
0.007193
0.004355
0.001002
0.000386
0.007128
0.004166
0.001014
0.000393
0.007433
0.004658
0.001014
0.00035
0.007886
0.004623
0.001002
0.000404
0.007295
0.004496
0.001015
0.000393
0.007459
0.004599
0.001016
0.00039
0.007454
0.004588
0.001029
0.00037
0.007396
0.004246
0.001027
0.00039
0.007468
0.004538
0.001041
0.000345
0.00818
0.004905
0.001034
0.000375
0.007644
0.004573
0.001036
0.000383
0.00754
0.004508
0.001012
0.000405
0.007553
0.004562
0.001183
0.000215
0.008167
0.004741
0.001334
1.1261e-6
0.009653
0.005325
0.001193
0.000153
0.009445
0.005271
0.001067
0.000335
0.008007
0.004888
0.001174
0.000219
0.008953
0.004512
0.001374
7.9622e-6
0.00953
0.005042
0.001025
0.000428
0.007861
0.004839
0.001503
0.000121
0.009511
0.004756
0.001214
0.000126
0.009898
0.005302
0.001183
0.000186
0.009407
0.004947
0.001007
0.000465
0.007625
0.0047
0.001043
0.000428
0.007735
0.004744
0.00115
0.000293
0.008375
0.004529
0.001305
0.000112
0.008983
0.00457
0.001566
0.000219
0.010552
0.005087
0.001374
0.000038
0.010826
0.005191
0.001061
0.000413
0.007841
0.00472
0.001088
0.000358
0.008817
0.005171
0.001055
0.000425
0.008107
0.004918
0.00135
0.000117
0.008739
0.004312
0.001422
0.000023
0.009916
0.005166
0.00103
0.000419
0.009006
0.005139
0.00131
0.000167
0.008113
0.004315
0.00127
0.000104
0.010197
0.004966
0.001041
0.000484
0.008518
0.005362
0.001042
0.000437
0.008409
0.004896
0.001412
0.000057
0.008079
0.003834
0.001063
0.000446
0.008192
0.004858
0.001296
0.000169
0.009469
0.00486
0.001378
0.000066
0.010113
0.005343
0.001398
0.000018
0.010707
0.005276
0.001039
0.000488
0.008275
0.005045
0.001083
0.000429
0.008666
0.005144
0.001086
0.000429
0.008569
0.005125
0.001182
0.000339
0.008285
0.004626
0.001161
0.000388
0.00885
0.005396
0.001094
0.00042
0.009545
0.005733
0.001065
0.000471
0.008449
0.005124
0.001126
0.000386
0.009117
0.005242
0.001098
0.000429
0.009022
0.005433
0.001493
0.000029
0.008131
0.00358
0.001249
0.000341
0.009309
0.005596
0.00106
0.000498
0.008593
0.0052
0.001114
0.000431
0.008926
0.005203
0.001091
0.000456
0.009145
0.005455
0.001056
0.000507
0.008657
0.00525
0.001094
0.000471
0.008909
0.005288
0.001203
0.000342
0.009202
0.005262
0.0015
0.000031
0.010371
0.004754
0.001611
0.000172
0.011082
0.004769
0.0011
0.000522
0.009305
0.005967
0.001157
0.0004
0.009502
0.005283
0.001086
0.000495
0.008682
0.005094
0.001378
0.000153
0.009576
0.004709
0.001129
0.000482
0.009729
0.005992
0.001098
0.000501
0.00884
0.005279
0.001095
0.000496
0.008855
0.005228
0.001099
0.000494
0.008872
0.005249
0.00117
0.000441
0.009782
0.005738
0.001125
0.000477
0.01004
0.00602
0.001097
0.000515
0.009067
0.005382
0.001105
0.000504
0.009003
0.005298
0.001327
0.000213
0.009798
0.004546
0.001172
0.000471
0.010009
0.006091
0.001444
0.000101
0.010938
0.005381
0.00112
0.00053
0.009333
0.005689
0.001161
0.000469
0.009814
0.005796
0.001088
0.000541
0.009176
0.005447
0.001354
0.000211
0.009902
0.004753
0.001344
0.000337
0.010913
0.006388
0.001089
0.00057
0.009201
0.005558
0.00123
0.000407
0.00976
0.005407
0.001134
0.00052
0.010134
0.006104
0.001179
0.000457
0.009372
0.005265
0.00121
0.000411
0.009723
0.005099
0.001657
0.000118
0.011313
0.004808
0.001572
0.000027
0.011839
0.00578
0.001182
0.000543
0.0108
0.007082
0.001054
0.000609
0.009331
0.005545
0.001103
0.000568
0.009287
0.005429
0.001131
0.000535
0.009403
0.005431
0.001488
0.000189
0.011156
0.005707
0.001065
0.000648
0.009626
0.006002
0.001121
0.000551
0.009166
0.005232
0.001501
0.000227
0.011738
0.006431
0.001277
0.000476
0.012599
0.008316
0.001152
0.000528
0.009348
0.005138
0.001256
0.000466
0.010381
0.006045
0.001285
0.000441
0.01044
0.005997
0.001255
0.000447
0.010128
0.005584
0.001139
0.000565
0.009628
0.005516
0.001213
0.0005
0.010025
0.005684
0.001192
0.000524
0.00994
0.0057
0.001216
0.000465
0.010096
0.005391
0.001585
0.000016
0.010812
0.004376
0.001865
0.000311
0.011874
0.003511
0.001524
0.000266
0.011921
0.006795
0.00121
0.00058
0.012671
0.008196
0.001127
0.000609
0.009807
0.00567
0.001235
0.000475
0.010034
0.005369
0.001156
0.000581
0.010362
0.006032
0.001157
0.000572
0.009808
0.005522
0.001155
0.000575
0.00982
0.005555
0.001155
0.000574
0.009829
0.005556
0.001157
0.000573
0.009837
0.005564
0.001668
0.000119
0.011561
0.003299
0.00146
0.00035
0.01292
0.007906
0.001165
0.000633
0.012867
0.008391
0.001233
0.00053
0.009822
0.005467
0.001161
0.000577
0.009889
0.005539
0.001152
0.000588
0.009921
0.005576
0.00116
0.000582
0.009897
0.005569
0.00116
0.000583
0.009896
0.005569
0.00116
0.000583
0.009896
0.005569
