0.000042
0.000049
0.000511
0.00042
3.55e-6
0.000085
0.000955
0.000962
0.000016
0.000037
0.001154
0.001069
0.000037
0.00006
0.001018
0.000799
0.000044
0.000051
0.000956
0.000744
0.00014
0.000046
0.001392
0.00105
0.00008
0.000038
0.001067
0.000803
0.000153
0.00008
0.001461
0.001178
0.000081
0.000043
0.001012
0.000758
0.000107
0.000029
0.001174
0.000919
0.000162
0.00004
0.001464
0.001094
0.000236
0.000012
0.001672
0.001073
0.000298
0.000031
0.002317
0.001854
0.000155
0.000051
0.001245
0.000876
0.000158
0.000032
0.001258
0.000911
0.000187
0.000012
0.001361
0.00106
0.000216
0.000027
0.00151
0.001138
0.000198
0.000031
0.001371
0.00102
0.000252
0.000049
0.001824
0.001373
0.000359
0.000062
0.002614
0.002209
0.000195
0.000029
0.001316
0.000945
0.000251
0.000016
0.001352
0.00073
0.000211
1.3421e-6
0.001458
0.001035
0.000311
0.000046
0.001973
0.001502
0.000251
5.0861e-6
0.001461
0.000975
0.000347
0.000094
0.001665
0.000851
0.000436
0.000032
0.002825
0.002367
0.000257
0.000017
0.001593
0.001124
0.000269
8.99e-6
0.001679
0.001227
0.000266
0.00001
0.001619
0.001096
0.000278
7.7253e-6
0.00169
0.00119
0.000416
0.000057
0.002282
0.001317
0.00047
0.000061
0.002853
0.002278
0.000357
0.000051
0.001805
0.001219
0.000287
0.000021
0.001596
0.001054
0.000286
0.000023
0.001623
0.001068
0.000331
0.00006
0.001643
0.000771
0.000513
0.000092
0.003136
0.002538
0.000337
0.00005
0.001819
0.00115
0.000299
0.000015
0.001707
0.001128
0.000655
0.000116
0.003879
0.003077
0.000397
0.000095
0.001876
0.001227
0.000366
8.6535e-6
0.002355
0.001776
0.000331
1.1922e-6
0.001734
0.001079
0.000542
0.000024
0.002859
0.002095
0.000357
0.000019
0.001894
0.001269
0.000342
0.000011
0.001837
0.001183
0.00038
0.000072
0.002097
0.001558
0.000373
0.000014
0.001992
0.001293
0.000458
0.00001
0.002347
0.001432
0.000402
0.000027
0.002291
0.001632
0.000563
0.00003
0.002956
0.001956
0.000457
0.00007
0.002237
0.001474
0.000404
0.000041
0.002289
0.001563
0.000411
4.7125e-6
0.002143
0.001367
0.000394
2.033e-6
0.002065
0.001312
0.000419
0.000068
0.002176
0.001513
0.000506
0.000016
0.003018
0.002154
0.000411
0.000071
0.00203
0.001267
0.000526
0.000046
0.002652
0.001664
0.000449
0.000037
0.00249
0.001751
0.000418
0.000022
0.002208
0.001405
0.00082
0.000089
0.003951
0.002164
0.000912
0.000174
0.005197
0.004319
0.000682
0.000327
0.002913
0.001256
0.000662
0.000163
0.002987
0.002241
0.000444
0.000014
0.002236
0.00139
0.000441
0.000014
0.002266
0.001418
0.000391
0.000079
0.00222
0.001744
0.000466
0.000073
0.002298
0.001515
0.000445
0.000017
0.002232
0.001392
0.000445
0.000016
0.00228
0.001427
0.000478
0.000107
0.002291
0.001108
0.000455
0.000079
0.002784
0.001978
0.000456
0.000022
0.002344
0.001472
0.000456
0.00008
0.002545
0.001756
0.000481
0.000041
0.002498
0.00166
0.000475
0.000042
0.002537
0.001671
0.000481
0.000081
0.002615
0.001818
0.000466
0.000055
0.002523
0.001649
0.000486
0.000063
0.002415
0.001503
0.000498
0.00004
0.002672
0.001784
0.000495
0.000055
0.002561
0.00169
0.000487
0.000115
0.002865
0.00204
0.000487
0.000062
0.002681
0.001798
0.000505
0.000027
0.002503
0.001572
0.000499
0.000033
0.002535
0.001568
0.000501
0.000033
0.002543
0.001578
0.000504
0.000065
0.002654
0.001753
0.000872
1.4761e-6
0.00462
0.003133
0.000538
0.000239
0.002497
0.001625
0.000584
0.000073
0.003253
0.00236
0.000505
0.000106
0.002799
0.001759
0.000525
0.000074
0.002792
0.00183
0.000532
0.0001
0.002914
0.002013
0.000526
0.000048
0.002674
0.001647
0.000528
0.000045
0.00271
0.001681
0.000544
0.000141
0.002985
0.002164
0.000548
0.000066
0.00288
0.001873
0.000549
0.000104
0.002966
0.002024
0.000539
0.000086
0.002996
0.00197
0.000553
0.000054
0.002833
0.001779
0.000551
0.000054
0.002784
0.00172
0.00065
0.000074
0.003269
0.001913
0.000621
0.000053
0.003234
0.002138
0.000573
0.00006
0.003028
0.001998
0.000658
0.000076
0.003413
0.002057
0.000596
0.000062
0.003183
0.002152
0.000555
0.000084
0.002963
0.001857
0.00058
0.000164
0.003082
0.002252
0.000553
0.000114
0.003114
0.002098
0.000834
0.000179
0.0041
0.001889
0.001009
0.000195
0.005712
0.004305
0.000662
0.000079
0.003525
0.002575
0.00067
0.000026
0.00394
0.002697
0.000682
0.000122
0.003284
0.001954
0.000609
0.00009
0.003329
0.002225
0.000856
0.000028
0.004532
0.00293
0.000672
0.000086
0.003669
0.002592
0.000851
0.000062
0.004636
0.00299
0.000921
0.000072
0.005739
0.004389
0.000613
0.000099
0.003152
0.001977
0.000746
0.000053
0.003814
0.002355
0.000831
0.000022
0.004628
0.003048
0.000679
0.000096
0.003744
0.00262
0.000636
0.000108
0.003424
0.002204
0.000637
0.000091
0.003332
0.002062
0.00074
0.000102
0.003799
0.002188
0.00065
0.000131
0.003483
0.0023
0.000657
0.000107
0.003547
0.002329
0.000649
0.000123
0.003448
0.002244
0.000918
4.4003e-6
0.004927
0.003237
0.00067
0.00012
0.003662
0.002416
0.000658
0.000121
0.003518
0.002252
0.000659
0.000133
0.003529
0.002291
0.000657
0.000114
0.003542
0.002248
0.00066
0.0001
0.003483
0.002153
0.000725
0.000161
0.003752
0.001954
0.000673
0.000347
0.004032
0.003305
0.000668
0.000118
0.003819
0.002532
0.000683
0.00011
0.00367
0.00227
0.000684
0.000114
0.003665
0.002276
0.000754
0.000165
0.003964
0.002099
0.000684
0.000185
0.003829
0.002613
0.000691
0.000115
0.003692
0.002281
0.00069
0.00015
0.003741
0.002412
0.000691
0.000117
0.00371
0.002285
0.000694
0.00015
0.003764
0.002426
0.001019
0.000107
0.005325
0.002831
0.001293
0.000176
0.007626
0.005223
0.001322
0.000286
0.009541
0.007859
0.000808
0.000437
0.002944
0.001487
0.00068
0.00026
0.00397
0.002426
0.000738
0.00015
0.00416
0.002692
0.000722
0.00022
0.004055
0.002725
0.00088
0.000077
0.004944
0.003222
0.000936
2.0685e-6
0.005686
0.003826
0.000773
0.000143
0.004438
0.002809
0.000733
0.00019
0.00386
0.00244
0.000741
0.000182
0.004167
0.002636
0.00075
0.000162
0.004238
0.002718
0.000984
0.000087
0.005323
0.00298
0.001466
0.000253
0.008448
0.005229
0.000785
0.000199
0.004605
0.003188
0.001016
0.000085
0.005706
0.003328
0.001086
0.000125
0.006785
0.004816
0.00077
0.000229
0.004117
0.002705
0.000849
0.000211
0.004653
0.00262
0.000768
0.000284
0.004629
0.003161
0.00139
0.000325
0.008296
0.005696
0.001072
0.000098
0.008041
0.0056
0.000787
0.000244
0.00433
0.002516
0.000795
0.000274
0.00475
0.00316
0.001366
0.000137
0.007611
0.004282
0.000716
0.000355
0.004705
0.002969
0.000834
0.000206
0.004931
0.003088
0.000829
0.000221
0.004909
0.003086
0.000824
0.000236
0.00491
0.003088
0.000972
0.000131
0.005603
0.00329
0.00081
0.000258
0.004952
0.003109
0.000826
0.000258
0.005007
0.003175
0.000829
0.000254
0.005028
0.00313
0.000843
0.000235
0.005114
0.003181
0.000847
0.000236
0.005133
0.003211
0.000843
0.000247
0.005108
0.00317
0.001133
0.000034
0.006459
0.003518
0.000851
0.00025
0.005161
0.003283
0.000863
0.000231
0.005258
0.003299
0.00095
0.000205
0.005727
0.003148
0.000825
0.000281
0.005097
0.003064
0.000873
0.000239
0.005365
0.003378
0.000872
0.000239
0.005362
0.003375
0.000945
0.000222
0.005765
0.003194
0.001182
0.000049
0.00688
0.004136
0.001279
0.000203
0.008729
0.005356
0.001012
0.000061
0.006726
0.004297
0.000857
0.000259
0.005399
0.003243
0.000881
0.000253
0.005297
0.003236
0.001017
0.000143
0.006073
0.0035
0.00123
0.000043
0.007529
0.004009
0.000866
0.000288
0.005394
0.003412
0.00117
0.000028
0.006852
0.003875
0.001263
0.000175
0.008503
0.0053
0.000899
0.000253
0.00559
0.003471
0.000894
0.000268
0.005666
0.00359
0.000896
0.00027
0.005685
0.003609
0.001035
0.000104
0.006525
0.004142
0.000919
0.000237
0.005653
0.003527
0.000903
0.000266
0.005737
0.003608
0.000898
0.000267
0.005732
0.003574
0.000896
0.00027
0.005719
0.003549
0.0009
0.000271
0.005734
0.003573
0.00091
0.000263
0.005747
0.003592
0.001213
0.000038
0.007287
0.004265
0.001148
0.000022
0.00798
0.00473
0.000922
0.00024
0.005969
0.003633
0.000928
0.00031
0.005354
0.00278
0.000964
0.000219
0.005689
0.003433
0.001088
0.000093
0.007474
0.003942
0.000984
0.000175
0.006892
0.004239
0.00086
0.000305
0.005586
0.00336
0.00106
0.000123
0.006484
0.00384
0.000907
0.000308
0.005919
0.003731
0.000905
0.000297
0.005903
0.003604
0.000924
0.000287
0.006021
0.003776
0.000907
0.0003
0.005936
0.003606
0.000918
0.000296
0.006012
0.003718
0.000921
0.000294
0.006028
0.003729
0.000936
0.000282
0.006046
0.003765
0.000911
0.000305
0.005992
0.003642
0.00108
0.000153
0.00667
0.003753
0.001196
7.1041e-6
0.007568
0.00434
0.00096
0.00023
0.006835
0.004205
0.001171
0.000138
0.007303
0.003017
0.001764
0.000437
0.009498
0.003367
0.000946
0.000235
0.005615
0.002974
0.000936
0.000285
0.005944
0.003577
0.000947
0.000308
0.006524
0.004118
0.000905
0.000319
0.006135
0.003644
0.000957
0.000289
0.006147
0.003771
0.001098
0.000175
0.006857
0.003837
0.001436
0.000124
0.008771
0.003797
0.000835
0.000436
0.005807
0.003433
0.000936
0.00034
0.006404
0.004021
0.001355
0.000065
0.008323
0.003894
0.001484
0.000279
0.009484
0.005007
0.001873
0.00078
0.012421
0.005817
0.001438
0.00043
0.011221
0.00647
0.001164
0.000033
0.007535
0.003096
0.000935
0.000258
0.006405
0.003436
0.000979
0.000336
0.006796
0.004332
0.000974
0.000342
0.006706
0.004238
0.000972
0.000339
0.00671
0.004225
0.001077
0.000249
0.007374
0.00387
0.000949
0.000289
0.00709
0.003932
0.000972
0.000324
0.006183
0.003482
0.000979
0.000347
0.006758
0.004181
0.000978
0.000346
0.006803
0.004247
0.001082
0.00025
0.00734
0.004016
0.000968
0.000354
0.00673
0.004129
0.000956
0.000364
0.006694
0.004045
0.000939
0.000383
0.006621
0.003905
0.000976
0.000358
0.006857
0.004214
0.000975
0.000342
0.007045
0.004243
0.000978
0.000361
0.006918
0.004294
0.00098
0.000342
0.007119
0.004299
0.000951
0.000364
0.006783
0.003961
0.001104
0.000198
0.007608
0.004492
0.000989
0.000371
0.007025
0.004382
0.001569
0.000254
0.009479
0.004049
0.001325
0.000112
0.009797
0.005522
0.001025
0.000327
0.007188
0.004365
0.001275
0.000049
0.008554
0.004508
0.001008
0.000363
0.006876
0.004015
0.00105
0.000265
0.008387
0.004946
0.000964
0.000468
0.006383
0.003454
0.001011
0.000405
0.007454
0.004649
0.001271
0.000074
0.008964
0.005103
0.001195
0.000115
0.009221
0.005112
0.001106
0.00021
0.008676
0.004881
0.001009
0.000398
0.007245
0.004479
0.001019
0.000392
0.007383
0.004459
0.000995
0.000406
0.007328
0.004451
0.001013
0.000397
0.007477
0.004623
0.001019
0.00039
0.007112
0.004004
0.001017
0.000418
0.007649
0.004803
0.001032
0.000354
0.008065
0.004748
0.000994
0.000427
0.007371
0.004403
0.001632
0.000285
0.009759
0.004119
0.000973
0.00045
0.007495
0.004431
0.001041
0.000403
0.007695
0.00473
0.001022
0.000417
0.007637
0.004652
0.001063
0.000386
0.00751
0.004158
0.001033
0.000415
0.007609
0.004526
0.001058
0.000399
0.007948
0.004757
0.001099
0.000328
0.008246
0.004857
0.001039
0.000436
0.007997
0.004869
0.001405
0.000045
0.008571
0.003701
0.001034
0.000432
0.007623
0.004545
0.001064
0.000397
0.008362
0.005031
0.001238
0.000223
0.008341
0.004531
0.001297
0.000131
0.008813
0.004543
0.002432
0.001221
0.013332
0.003368
0.001674
0.000453
0.012997
0.006027
0.001096
0.00025
0.011463
0.005971
0.001026
0.000481
0.00776
0.004735
0.001057
0.000441
0.008174
0.004955
0.001204
0.000268
0.008701
0.004778
0.001749
0.000373
0.010808
0.004616
0.001054
0.000465
0.008478
0.005248
0.001061
0.000451
0.008259
0.004992
0.001085
0.000415
0.008614
0.005075
0.001054
0.000469
0.008344
0.005025
0.001063
0.00046
0.008355
0.005059
0.001068
0.000454
0.008342
0.005039
0.001327
0.000139
0.009347
0.004429
0.00105
0.000492
0.008377
0.005174
0.001067
0.000451
0.008582
0.00511
0.001224
0.000285
0.008511
0.004539
0.001297
0.00018
0.008951
0.004631
0.00107
0.000421
0.008789
0.005094
0.001063
0.000459
0.008297
0.004911
0.001101
0.000422
0.009343
0.005481
0.001329
0.000157
0.00986
0.005718
0.001139
0.000366
0.008749
0.005144
0.001171
0.000333
0.008874
0.004737
0.001214
0.000307
0.008602
0.004798
0.001172
0.000373
0.010212
0.005983
0.001068
0.000501
0.008614
0.005285
0.001187
0.000347
0.009006
0.004854
0.001214
0.000319
0.009058
0.005107
0.001389
0.00009
0.010003
0.004729
0.001082
0.000498
0.008834
0.005461
0.001112
0.000434
0.008859
0.005088
0.001367
0.000141
0.009397
0.004629
0.001366
0.000129
0.009858
0.004943
0.001095
0.000493
0.008817
0.005372
0.001841
0.000438
0.011584
0.003436
0.0019
0.000478
0.01159
0.004768
0.001431
0.000072
0.011242
0.005656
0.001095
0.000512
0.008868
0.005483
0.001354
0.000177
0.009509
0.004936
0.001097
0.000499
0.008994
0.005459
0.001099
0.000497
0.008906
0.005357
0.001142
0.000442
0.009337
0.005336
0.001088
0.000502
0.008885
0.005284
0.001096
0.000493
0.008843
0.005223
0.001197
0.000362
0.009254
0.004837
0.001188
0.000386
0.009349
0.005285
0.001116
0.000483
0.009186
0.005457
0.001465
0.000051
0.010389
0.004581
0.001476
0.000046
0.010917
0.005506
0.001125
0.000512
0.00911
0.005675
0.001232
0.000353
0.009107
0.004911
0.001146
0.000471
0.009197
0.005397
0.001114
0.000508
0.009235
0.005595
0.001163
0.000454
0.009449
0.005444
0.001108
0.000528
0.009214
0.005562
0.001601
0.000092
0.010783
0.00438
0.001135
0.000531
0.00992
0.006277
0.001128
0.000534
0.009345
0.005855
0.001352
0.000226
0.009317
0.004638
0.001101
0.000521
0.009025
0.005254
0.001224
0.000413
0.009834
0.005576
0.001137
0.000511
0.009385
0.00564
0.001092
0.000543
0.009225
0.005468
0.001171
0.000467
0.009465
0.005423
0.001124
0.000523
0.009459
0.005647
0.001255
0.000371
0.009162
0.004894
0.001591
0.000092
0.011
0.004064
0.001506
0.000047
0.011106
0.005313
0.001398
0.000201
0.011455
0.005966
0.001157
0.000544
0.01004
0.006441
0.00108
0.000561
0.00902
0.005215
0.001241
0.00042
0.010019
0.005632
0.001177
0.000506
0.010413
0.006418
0.001156
0.00053
0.010197
0.006379
0.001235
0.000412
0.009838
0.005441
0.001299
0.000311
0.009597
0.004814
0.00112
0.000532
0.009171
0.005295
0.001347
0.000256
0.009927
0.004838
0.001545
0.000029
0.010738
0.004613
0.001496
0.00013
0.010803
0.005422
0.001349
0.000325
0.010935
0.006119
0.001255
0.000452
0.01069
0.006459
0.001056
0.000618
0.009494
0.005691
0.001207
0.000471
0.009547
0.005422
0.001335
0.000277
0.010657
0.005169
0.001307
0.000329
0.010777
0.005849
0.001244
0.000439
0.010188
0.00585
0.001225
0.00044
0.010151
0.005832
0.001165
0.000462
0.010358
0.005713
0.001184
0.000444
0.01
0.005378
0.001127
0.000541
0.009378
0.00534
0.001119
0.000557
0.00948
0.005504
0.001306
0.000399
0.010653
0.006101
0.001247
0.000464
0.01095
0.006695
0.001168
0.000544
0.010718
0.006695
0.001123
0.000547
0.009387
0.005251
0.001128
0.000557
0.009502
0.005503
0.001201
0.000491
0.009875
0.005632
0.001184
0.000507
0.009988
0.005756
0.001242
0.000423
0.009963
0.005278
0.001312
0.000329
0.010196
0.005046
0.001154
0.000541
0.009686
0.005554
0.001149
0.000546
0.009826
0.005762
0.001272
0.000446
0.010135
0.00584
0.00121
0.000486
0.010657
0.006132
0.001189
0.000513
0.010051
0.005825
0.001143
0.000552
0.00965
0.005491
0.001282
0.000394
0.00968
0.005
0.001175
0.000546
0.010448
0.006131
0.001149
0.000563
0.009706
0.005667
0.001196
0.000511
0.009747
0.005487
0.001129
0.000581
0.009695
0.005603
0.001145
0.00056
0.009599
0.005473
0.001142
0.000563
0.009684
0.00555
0.001147
0.000559
0.009679
0.005532
0.001281
0.000446
0.010445
0.005892
0.001146
0.000566
0.009755
0.005634
0.001144
0.000567
0.009696
0.005559
0.001222
0.000495
0.009986
0.005594
0.001189
0.000532
0.010087
0.005782
0.001141
0.000578
0.009725
0.005612
0.001131
0.000583
0.009751
0.005617
0.001142
0.00057
0.009667
0.005502
0.001271
0.000464
0.01052
0.005886
0.001184
0.000541
0.010222
0.00591
0.001143
0.000575
0.009499
0.005274
0.001206
0.000529
0.010169
0.00577
0.001159
0.000577
0.01042
0.006142
0.001262
0.00044
0.01028
0.005418
0.001251
0.000458
0.009944
0.005273
0.001192
0.000547
0.010047
0.005729
0.001179
0.000546
0.010398
0.00593
0.001164
0.000575
0.009857
0.005627
0.001274
0.000476
0.010563
0.005818
0.001253
0.000506
0.010882
0.006346
0.001164
0.000589
0.010831
0.006458
0.001162
0.000578
0.009947
0.005632
0.001158
0.000578
0.009845
0.005541
0.001157
0.000579
0.009862
0.005566
0.001157
0.000579
0.009862
0.005566
