8.6565e-6
0.00012
0.000826
0.000795
0.00002
0.000095
0.000677
0.000565
0.00004
0.000229
0.000626
0.000454
0.000079
0.000206
0.001138
0.000941
0.000077
0.000203
0.001113
0.000932
0.000078
0.000204
0.001119
0.000938
1.272e-6
0.000326
0.000116
0.00064
0.000146
0.000257
0.001504
0.001333
0.000123
0.000283
0.001136
0.000807
0.000152
0.00028
0.001455
0.001187
0.000128
0.000295
0.001064
0.000741
0.000164
0.000293
0.001505
0.001217
0.000137
0.000292
0.00112
0.000849
0.000176
0.000303
0.001583
0.001264
0.000138
0.000318
0.000999
0.000678
0.000194
0.000319
0.001662
0.001311
0.000188
0.000317
0.001601
0.001243
0.000107
0.000339
0.000396
0.000037
0.000237
0.000361
0.00186
0.001471
0.000219
0.000347
0.001751
0.001331
0.000219
0.000346
0.001744
0.001324
0.000179
0.000373
0.001277
0.00071
0.000235
0.000358
0.001873
0.001469
0.000035
0.000387
0.000953
0.001381
0.000313
0.000436
0.00216
0.001744
0.000279
0.000396
0.002043
0.001469
0.000313
0.000382
0.002563
0.00204
0.000261
0.000389
0.001926
0.001343
0.000269
0.000391
0.001975
0.001418
0.000077
0.000443
0.000751
0.001442
0.000353
0.000452
0.002463
0.001989
0.000251
0.000471
0.001449
0.000501
0.000322
0.000438
0.00231
0.001661
0.000262
0.000464
0.001495
0.000592
0.000336
0.000446
0.002361
0.001691
0.000328
0.000444
0.00227
0.001534
0.000213
0.000505
0.000468
0.000509
0.000381
0.000471
0.002608
0.001942
0.000152
0.000553
0.000131
0.001629
0.000399
0.00046
0.002906
0.00236
0.00026
0.000514
0.000988
0.000118
0.000411
0.000502
0.002733
0.001903
0.000391
0.000496
0.002592
0.001629
0.000391
0.000491
0.00256
0.001587
0.000332
0.000501
0.001776
0.000773
0.000407
0.000494
0.002694
0.001776
0.000399
0.0005
0.002616
0.001618
0.000399
0.000497
0.002597
0.001591
0.000337
0.000522
0.001753
0.000594
0.000411
0.000489
0.002746
0.00185
0.000407
0.00051
0.002641
0.001608
0.000407
0.000503
0.002637
0.001598
0.00018
0.000591
0.00052
0.001987
0.000468
0.000514
0.003172
0.00241
0.000436
0.000533
0.002845
0.001715
0.000438
0.000526
0.002804
0.001635
0.000376
0.000551
0.001953
0.000678
0.000448
0.000522
0.002969
0.001888
0.000447
0.000536
0.002851
0.001654
0.000178
0.000678
0.000723
0.002908
0.00048
0.000528
0.00347
0.002654
0.000472
0.000563
0.003084
0.001808
0.000284
0.000685
0.000344
0.001786
0.000496
0.000543
0.003457
0.002387
0.000497
0.000579
0.003185
0.001775
0.000354
0.00068
0.00106
0.001016
0.000513
0.000561
0.003457
0.002224
0.000372
0.000712
0.00152
0.000854
0.000528
0.000545
0.003105
0.002049
0.000501
0.000674
0.002908
0.001005
0.000541
0.000579
0.003353
0.001747
0.000466
0.000645
0.002208
0.000304
0.000548
0.000591
0.003466
0.001933
0.000546
0.000603
0.003361
0.001694
0.000548
0.000599
0.003344
0.001659
0.000268
0.000824
0.000693
0.003496
0.000562
0.000568
0.003952
0.002722
0.000562
0.000632
0.003429
0.001626
0.000583
0.00062
0.003541
0.001692
0.000506
0.000705
0.002411
0.000066
0.000419
0.000972
0.001479
0.002053
0.000603
0.000511
0.003368
0.002525
0.000598
0.000674
0.00353
0.001605
0.000607
0.000634
0.003644
0.001671
0.000614
0.000642
0.003679
0.001659
0.000541
0.000723
0.002522
0.000134
0.000604
0.000602
0.003795
0.001906
0.000618
0.00065
0.003717
0.001664
0.000454
0.000963
0.000912
0.002859
0.000599
0.000539
0.003914
0.00229
0.000637
0.000682
0.003794
0.001634
0.000575
0.000768
0.002721
0.000058
0.000628
0.000605
0.003874
0.001847
0.000649
0.000667
0.003861
0.001601
0.000515
0.001039
0.001081
0.003028
0.000611
0.000476
0.003477
0.002008
0.000656
0.000666
0.003899
0.001517
0.000628
0.000823
0.002965
0.000055
0.000664
0.00062
0.003829
0.001726
0.000685
0.000688
0.004014
0.001589
0.000496
0.001205
0.000055
0.004596
0.000634
0.000507
0.003703
0.002008
0.000715
0.000727
0.004138
0.001512
0.000628
0.00102
0.00206
0.001743
0.000695
0.000628
0.004316
0.001914
0.00068
0.000984
0.0026
0.001024
0.000716
0.000639
0.004265
0.001773
0.000741
0.001576
0.0018
0.00479
0.000724
0.000607
0.004244
0.001807
0.000802
0.000776
0.004618
0.001578
0.000805
0.001263
0.003121
0.002113
0.000777
0.00068
0.004379
0.001588
0.000824
0.000772
0.004676
0.001583
0.000812
0.000751
0.004673
0.001523
0.000812
0.00075
0.004673
0.001529
0.000898
0.001232
0.006447
0.001473
0.000775
0.000762
0.004527
0.001507
0.000826
0.000757
0.004768
0.001621
0.000824
0.000761
0.00472
0.001531
0.001022
0.002426
0.00249
0.00803
0.000834
0.000717
0.004102
0.001173
0.001145
0.001898
0.005492
0.001605
0.000962
0.000934
0.00565
0.001794
0.000919
0.000814
0.005193
0.00147
0.000907
0.000799
0.005175
0.001493
0.001346
0.002645
0.001646
0.007009
0.00098
0.00104
0.006164
0.001718
0.001034
0.001527
0.003046
0.003358
0.001018
0.000934
0.005481
0.001435
0.001189
0.001586
0.005657
0.000853
0.001061
0.001
0.006201
0.001643
0.001015
0.000891
0.005706
0.001318
0.0015
0.002332
0.006944
0.002501
0.001149
0.001176
0.00692
0.00191
0.00107
0.000931
0.005923
0.001345
0.001052
0.000887
0.005836
0.001309
0.001047
0.000872
0.005812
0.0013
0.001678
0.002693
0.007512
0.002941
0.001261
0.001301
0.007318
0.002073
0.001121
0.000986
0.006049
0.001045
0.001095
0.000899
0.006074
0.001296
0.001907
0.003225
0.007406
0.004719
0.001366
0.001491
0.007984
0.002214
0.00117
0.000986
0.0064
0.00147
0.002229
0.003767
0.009469
0.003949
0.001488
0.0016
0.008322
0.001869
0.001197
0.000977
0.006829
0.001462
0.002279
0.003589
0.010002
0.003314
0.001476
0.001477
0.008097
0.001517
0.00128
0.000987
0.006953
0.001315
0.001261
0.000945
0.0066
0.000929
0.001294
0.00099
0.006855
0.001006
0.0013
0.001006
0.006952
0.000999
0.001299
0.001005
0.00695
0.000997
0.001913
0.002296
0.009165
0.000654
0.001372
0.001306
0.007643
0.000514
0.001318
0.001026
0.007351
0.001467
0.001621
0.001649
0.007988
0.000166
0.001345
0.001153
0.007445
0.000705
0.001592
0.001545
0.007361
0.000494
0.001488
0.001283
0.007759
0.001038
0.002945
0.004244
0.01232
0.00292
0.001839
0.002236
0.00883
0.001468
0.001478
0.001164
0.008151
0.001753
0.001395
0.001019
0.007256
0.000889
0.001418
0.001047
0.007564
0.001036
0.001428
0.001068
0.007514
0.000827
0.002518
0.003135
0.011123
0.001373
0.001943
0.002069
0.008569
0.001313
0.001921
0.00202
0.008625
0.001162
0.001653
0.001343
0.009095
0.000799
0.001443
0.001014
0.007699
0.000236
0.001455
0.000996
0.00797
0.001023
0.00149
0.001087
0.007701
0.000705
0.001499
0.001113
0.007809
0.000791
0.002136
0.002375
0.009659
0.001063
0.001652
0.001558
0.008994
0.000034
0.002065
0.002141
0.008357
0.001656
0.001907
0.001751
0.00944
0.000625
0.002312
0.002612
0.008093
0.003533
0.002163
0.002124
0.011183
0.001789
0.001697
0.001458
0.00844
0.000036
0.001622
0.001218
0.008135
0.000492
0.001605
0.001191
0.008234
0.000657
0.001599
0.00118
0.00815
0.000606
0.002479
0.00265
0.010495
0.000881
0.00214
0.002078
0.008441
0.00161
0.001692
0.00138
0.009072
0.000917
0.001974
0.0019
0.009121
0.000496
0.001763
0.001515
0.009118
0.00037
0.002316
0.002491
0.009979
0.001328
0.002133
0.002055
0.009076
0.000869
0.001837
0.001505
0.009136
0.000654
0.001677
0.001208
0.008475
0.000549
0.001679
0.001209
0.008509
0.000581
0.002847
0.003105
0.011381
0.001423
0.002472
0.002492
0.00969
0.001862
0.00188
0.001631
0.009705
0.000074
0.002834
0.003308
0.011489
0.002414
0.002168
0.002279
0.010196
0.001765
0.002028
0.001701
0.00974
0.000571
0.001755
0.00122
0.0086
0.000384
0.001756
0.001215
0.008842
0.00066
0.00252
0.002385
0.010848
0.000241
0.002233
0.001989
0.010021
0.000583
0.002536
0.002497
0.009111
0.002793
0.002424
0.002228
0.011754
0.00086
0.002065
0.001738
0.009441
0.000891
0.001976
0.001509
0.009934
0.000369
0.001906
0.001373
0.009358
0.000344
0.004213
0.004912
0.014421
0.003052
0.003702
0.004089
0.011378
0.00456
0.002759
0.002601
0.0118
0.001199
0.002117
0.001539
0.010564
0.000117
0.001944
0.001281
0.00999
0.000164
0.001954
0.001287
0.009746
0.000166
0.001959
0.001301
0.009716
0.000188
0.001979
0.00134
0.009781
0.000231
0.002337
0.00188
0.010484
0.000364
0.00227
0.001792
0.010034
0.000673
0.002194
0.001661
0.010446
0.000087
0.002101
0.001511
0.009982
0.000071
0.002031
0.001408
0.009792
6.4898e-6
0.003486
0.003572
0.012422
0.002464
0.003192
0.003158
0.011168
0.003109
0.002695
0.002455
0.012415
0.000667
0.002595
0.002184
0.010278
0.001617
0.002285
0.001712
0.010324
0.000666
0.002693
0.002356
0.011337
0.001263
0.002617
0.002219
0.010752
0.001558
0.002434
0.001916
0.011019
0.000651
0.002262
0.001632
0.010702
0.000248
0.002168
0.001475
0.010291
0.000226
0.002159
0.001457
0.010342
0.000097
0.002161
0.001459
0.010342
0.000092
0.002161
0.00146
0.010338
0.000093
0.002162
0.001461
0.010337
0.000093
0.002802
0.002399
0.011511
0.001274
0.002635
0.002199
0.010944
0.001618
0.00321
0.002957
0.011939
0.002015
0.003049
0.002712
0.01082
0.002646
0.002791
0.002318
0.011631
0.000986
0.002416
0.001816
0.01157
0.000431
0.002312
0.001621
0.011262
0.000467
0.002259
0.001527
0.01049
0.000908
0.002228
0.001482
0.010526
0.000576
0.002547
0.00193
0.011011
0.00115
0.002438
0.001811
0.011155
0.00089
0.002439
0.001783
0.010756
0.00099
0.002379
0.001676
0.010701
0.000615
0.002274
0.001524
0.010649
0.000433
0.002247
0.001477
0.010557
0.000502
0.002245
0.001474
0.010577
0.000475
0.002245
0.001474
0.010545
0.000495
0.002245
0.001474
0.010537
0.000493
0.002245
0.001474
0.010539
0.000482
0.002244
0.001473
0.010539
0.000475
0.002244
0.001473
0.010539
0.000475
0.003414
0.003074
0.012006
0.00285
0.003089
0.002727
0.01096
0.003439
0.002858
0.002395
0.012338
0.001274
0.002827
0.002212
0.011003
0.001654
0.002513
0.001779
0.011132
0.001121
0.002402
0.001604
0.010507
0.001426
0.002382
0.001573
0.010224
0.001381
0.00239
0.001578
0.010139
0.001149
0.002574
0.001831
0.010076
0.001802
0.002552
0.001796
0.01039
0.001452
0.002498
0.001721
0.010057
0.001644
0.002458
0.001656
0.009929
0.001642
0.00244
0.00162
0.010035
0.001438
0.002437
0.001614
0.009961
0.001425
0.002434
0.001611
0.009918
0.001431
0.002434
0.00161
0.009924
0.0014
0.002754
0.002039
0.009982
0.002461
0.0027
0.001965
0.01002
0.002225
0.002631
0.001855
0.009905
0.002012
0.002555
0.001732
0.009496
0.002037
0.002549
0.001722
0.009557
0.001899
0.002647
0.001851
0.009445
0.002307
0.002641
0.001839
0.009582
0.002137
0.002625
0.001815
0.009327
0.00226
0.002616
0.001797
0.009353
0.002102
0.002612
0.00179
0.009255
0.002094
0.002608
0.001784
0.009252
0.002096
0.002603
0.001778
0.009255
0.002092
0.002601
0.001774
0.009246
0.002099
0.002601
0.001773
0.009251
0.002094
0.002759
0.001978
0.009189
0.002665
0.002786
0.002028
0.009267
0.002869
0.00282
0.00205
0.00921
0.00282
0.002796
0.00201
0.008955
0.002808
0.002866
0.002101
0.00871
0.003206
0.00285
0.002073
0.008883
0.002971
0.002852
0.00206
0.008965
0.002811
0.002812
0.002007
0.008621
0.003029
0.002808
0.001994
0.008621
0.002934
0.002802
0.001984
0.008529
0.002936
0.002802
0.001982
0.008527
0.00289
0.0028
0.00198
0.008485
0.002897
0.002799
0.001978
0.008487
0.002881
0.002798
0.001976
0.00848
0.002879
0.002796
0.001974
0.008478
0.002881
0.002796
0.001973
0.008477
0.002881
0.002796
0.001973
0.008477
0.002881
