0.000036
0.000245
0.001164
0.00076
0.00005
0.00019
0.001031
0.00093
0.00006
0.000188
0.001044
0.000872
0.000067
0.000217
0.000884
0.000721
0.000089
0.000216
0.001175
0.000976
0.000088
0.000214
0.001161
0.000968
0.000089
0.000237
0.001015
0.000811
0.000103
0.00023
0.001231
0.001018
0.000058
0.000259
0.000423
0.000295
0.000164
0.000292
0.001553
0.001285
0.000147
0.000277
0.001422
0.001141
0.000131
0.000289
0.001139
0.000851
0.000163
0.000292
0.001505
0.001212
0.000119
0.000332
0.000669
0.000359
0.000194
0.000322
0.001623
0.001299
0.000168
0.000331
0.001253
0.000901
0.000203
0.000329
0.001683
0.001314
0.000176
0.000341
0.001284
0.000896
0.000212
0.000337
0.001736
0.001336
0.000208
0.000337
0.001696
0.001294
0.00009
0.000384
0.000042
0.000584
0.000271
0.000386
0.002087
0.001706
0.000092
0.000425
0.000328
0.001069
0.000303
0.000419
0.002164
0.001713
0.000127
0.000433
0.000017
0.000767
0.000257
0.000331
0.001217
0.001323
0.000296
0.00043
0.002095
0.001444
0.00028
0.000438
0.001759
0.001064
0.000315
0.000427
0.002228
0.001572
0.000311
0.000429
0.002179
0.001495
0.000184
0.000454
0.000471
0.000238
0.000364
0.000465
0.002451
0.001799
0.000337
0.000454
0.00233
0.001568
0.000174
0.000559
0.000297
0.001496
0.000398
0.000475
0.002829
0.002165
0.00023
0.000552
0.000332
0.000854
0.000419
0.000493
0.00282
0.002026
0.00039
0.000497
0.002583
0.001621
0.000267
0.000533
0.000908
0.00031
0.000426
0.000503
0.002815
0.001969
0.000409
0.000507
0.002671
0.001647
0.000407
0.000504
0.002641
0.001602
0.000169
0.000797
0.000514
0.002388
0.000449
0.000453
0.002692
0.002337
0.000438
0.000549
0.002841
0.001709
0.000265
0.000619
0.000406
0.001208
0.000476
0.00054
0.003158
0.002193
0.000462
0.000553
0.002989
0.00175
0.000065
0.000784
0.004239
0.006527
0.000528
0.000539
0.003978
0.003485
0.000313
0.000845
0.000124
0.002606
0.000548
0.000587
0.003877
0.002639
0.000541
0.000604
0.003286
0.001645
0.000547
0.000599
0.003348
0.001662
0.000496
0.00065
0.002656
0.000652
0.000551
0.000592
0.003483
0.001888
0.000552
0.000605
0.003384
0.001679
0.000241
0.000883
0.001178
0.004479
0.000553
0.000514
0.003935
0.002902
0.00039
0.000863
0.000683
0.002278
0.000605
0.000609
0.00406
0.002462
0.000606
0.00065
0.003733
0.00178
0.000611
0.000636
0.003644
0.001665
0.000497
0.000789
0.001736
0.000974
0.000601
0.000585
0.003901
0.002068
0.000619
0.000655
0.003734
0.001648
0.000312
0.001103
0.001685
0.005652
0.000588
0.000499
0.004306
0.002733
0.000454
0.00136
0.00096
0.006267
0.000598
0.000473
0.004102
0.002474
0.000626
0.001183
0.001076
0.003087
0.000704
0.000641
0.00438
0.002048
0.000737
0.000739
0.004387
0.001645
0.000739
0.000712
0.004317
0.001598
0.000658
0.001189
0.001377
0.003171
0.000665
0.000839
0.003749
0.000627
0.000792
0.000747
0.004675
0.001936
0.000784
0.001847
0.000317
0.007099
0.000742
0.00061
0.00432
0.001843
0.000874
0.001187
0.003855
0.00046
0.000833
0.000764
0.004833
0.001618
0.000833
0.000763
0.004775
0.001504
0.000839
0.000764
0.004818
0.001531
0.00093
0.00172
0.000993
0.005231
0.000858
0.000758
0.004856
0.001526
0.000871
0.000797
0.004936
0.00146
0.000876
0.000782
0.005009
0.001499
0.001114
0.002269
0.001428
0.007566
0.000985
0.000898
0.005137
0.001363
0.001047
0.001502
0.0038
0.002254
0.000983
0.000898
0.00552
0.001582
0.000945
0.000822
0.005279
0.001383
0.001107
0.001468
0.00506
0.000993
0.000998
0.00093
0.00594
0.001745
0.000973
0.000835
0.005446
0.001422
0.000968
0.000829
0.005431
0.001392
0.000969
0.000831
0.005456
0.001411
0.000969
0.000832
0.005446
0.001389
0.001292
0.002036
0.00474
0.003119
0.00109
0.001101
0.006667
0.002067
0.001028
0.000909
0.005686
0.001408
0.001315
0.001957
0.004847
0.002422
0.001121
0.0011
0.006265
0.001608
0.001033
0.000887
0.005815
0.001358
0.001032
0.000867
0.005748
0.001322
0.001035
0.000865
0.005766
0.001334
0.001035
0.000865
0.005769
0.001337
0.001857
0.003468
0.006691
0.005715
0.001284
0.001373
0.007471
0.002436
0.001766
0.002882
0.006303
0.004356
0.001359
0.001396
0.008088
0.00301
0.001136
0.000915
0.006294
0.001527
0.001134
0.000889
0.006212
0.001232
0.002527
0.004671
0.009462
0.006753
0.00162
0.001703
0.008735
0.002682
0.001512
0.001692
0.006917
0.000047
0.001368
0.001179
0.007353
0.001235
0.001284
0.001022
0.00687
0.000927
0.001276
0.000998
0.006841
0.001026
0.001274
0.000994
0.006849
0.001039
0.002389
0.003656
0.010275
0.00353
0.001506
0.001566
0.008515
0.001165
0.00138
0.001437
0.006455
0.001339
0.001428
0.001127
0.008132
0.00161
0.001914
0.002264
0.008459
0.001348
0.001475
0.001392
0.008072
0.000787
0.001387
0.00104
0.007392
0.001207
0.001369
0.001017
0.007066
0.000858
0.001398
0.001058
0.007331
0.000915
0.001391
0.001055
0.007346
0.000893
0.003555
0.005587
0.013798
0.005795
0.001825
0.002294
0.01045
0.000421
0.001517
0.001138
0.00831
0.001403
0.003382
0.004442
0.013671
0.002004
0.002744
0.003201
0.009368
0.003485
0.002008
0.001861
0.00996
0.000779
0.001574
0.001131
0.007847
0.000502
0.001587
0.001142
0.008258
0.000859
0.001591
0.001153
0.008187
0.000674
0.00199
0.00184
0.009151
0.000265
0.001703
0.001407
0.009215
0.000532
0.001652
0.001242
0.008428
0.000453
0.004797
0.006433
0.016039
0.004862
0.00277
0.003479
0.013995
0.002156
0.00305
0.003577
0.01077
0.003692
0.002669
0.002645
0.011499
0.000114
0.001981
0.001522
0.010224
0.001169
0.00181
0.001304
0.008647
0.000122
0.001823
0.001302
0.009054
0.000384
0.002213
0.001931
0.009843
0.000467
0.002049
0.001692
0.00973
0.000211
0.001948
0.001489
0.009249
0.000032
0.001848
0.00132
0.009162
0.000442
0.001839
0.00131
0.009097
0.000382
0.001839
0.00131
0.009089
0.000378
0.004182
0.005094
0.014108
0.004339
0.003658
0.004156
0.012672
0.003959
0.003596
0.004521
0.007051
0.010987
0.003163
0.003569
0.015605
0.000029
0.003166
0.003171
0.011078
0.002217
0.003164
0.003262
0.01114
0.002414
0.002827
0.002681
0.011192
0.001305
0.003331
0.00342
0.012348
0.001723
0.002749
0.002659
0.011153
0.00204
0.002686
0.002344
0.012475
0.000344
0.0031
0.002974
0.011247
0.002204
0.002701
0.002492
0.011777
0.001181
0.003209
0.003062
0.010922
0.002509
0.002823
0.002579
0.01205
0.00091
0.002504
0.00212
0.010467
0.001438
0.002321
0.001753
0.010961
0.000284
0.002167
0.001476
0.010308
0.000124
0.002161
0.001462
0.01031
0.000101
0.002402
0.001815
0.010778
0.000534
0.002386
0.001792
0.01035
0.000883
0.003306
0.003101
0.012114
0.002191
0.003067
0.002797
0.010659
0.00315
0.002673
0.002273
0.012831
0.00018
0.002557
0.001995
0.011611
0.00043
0.002359
0.001675
0.011019
0.00058
0.002522
0.001903
0.01092
0.001181
0.002452
0.001813
0.010747
0.001221
0.002409
0.001728
0.011316
0.000532
0.002311
0.001585
0.010471
0.001098
0.002251
0.00149
0.010664
0.000708
0.003111
0.002672
0.011788
0.002387
0.002824
0.002364
0.011383
0.002442
0.002795
0.002259
0.01186
0.001252
0.002628
0.001974
0.010336
0.001547
0.002424
0.001677
0.010331
0.000909
0.002337
0.001552
0.010422
0.000814
0.002318
0.001518
0.010382
0.000845
0.002317
0.001516
0.010378
0.000847
0.002316
0.001514
0.010385
0.000839
0.002649
0.001982
0.010856
0.001663
0.002594
0.001907
0.010438
0.001891
0.002536
0.001818
0.010907
0.001159
0.002837
0.002234
0.010608
0.002434
0.002757
0.002114
0.010923
0.001882
0.00264
0.001923
0.010116
0.00215
0.002495
0.001685
0.01002
0.001615
0.002658
0.001907
0.009557
0.002546
0.002631
0.001868
0.009905
0.002136
0.002609
0.001826
0.009995
0.001944
0.002588
0.001783
0.009488
0.002253
0.002557
0.001734
0.009463
0.002159
0.002553
0.001725
0.009589
0.001991
0.002551
0.001721
0.009637
0.001892
0.002547
0.001719
0.009452
0.001995
0.002802
0.002052
0.009406
0.002867
0.002791
0.002027
0.00968
0.00252
0.003027
0.00233
0.009173
0.003693
0.003014
0.002293
0.00955
0.00319
0.002966
0.002211
0.00873
0.003565
0.002871
0.002072
0.008663
0.003155
0.002832
0.002019
0.008485
0.003081
0.002835
0.00202
0.00843
0.003044
0.002838
0.002021
0.008359
0.003043
0.002842
0.002024
0.008326
0.003035
0.002842
0.002024
0.008327
0.003034
0.002842
0.002024
0.008327
0.003034
