0.000015
0.000107
0.000788
0.00068
0.000019
0.000093
0.000684
0.000581
0.000012
0.000198
0.000404
0.000119
0.000075
0.000186
0.001174
0.001031
0.000061
0.000185
0.001039
0.000862
0.000062
0.000187
0.001052
0.000886
0.000062
0.000187
0.001053
0.000887
0.00008
0.000285
0.001493
0.001191
0.000072
0.000188
0.001053
0.000937
0.00008
0.00022
0.001031
0.000833
0.000088
0.000215
0.001171
0.000976
0.000066
0.000272
0.000511
0.000349
0.000146
0.000273
0.001447
0.001186
0.000139
0.000269
0.001384
0.001119
0.000139
0.000269
0.001384
0.00112
0.00011
0.000291
0.000879
0.000584
0.000168
0.000293
0.001544
0.001262
0.000159
0.000289
0.001474
0.001174
0.000118
0.000316
0.00078
0.000447
0.000189
0.000316
0.001632
0.001309
0.000119
0.000349
0.000528
0.000129
0.000221
0.000335
0.0018
0.001418
0.000145
0.000388
0.000536
0.00002
0.00025
0.000352
0.001954
0.001508
0.000235
0.000359
0.001808
0.001323
0.000108
0.000432
0.000224
0.000969
0.00029
0.000401
0.002195
0.001776
0.000271
0.000395
0.002005
0.001457
0.000059
0.000483
0.001051
0.002113
0.000344
0.000433
0.002654
0.00223
0.000314
0.000438
0.002235
0.001561
0.000047
0.000596
0.001791
0.003241
0.000409
0.000473
0.00299
0.002507
0.00036
0.000477
0.002477
0.001649
0.000221
0.000508
0.000531
0.000464
0.000402
0.000484
0.002652
0.001881
0.000382
0.000489
0.002544
0.001625
0.000256
0.00053
0.000878
0.000356
0.000413
0.000487
0.002841
0.002045
0.000398
0.000502
0.002623
0.001634
0.000186
0.000673
0.000194
0.002197
0.000442
0.000483
0.003187
0.002411
0.000242
0.000607
0.00021
0.001379
0.000462
0.000516
0.00321
0.002325
0.000234
0.000667
0.000153
0.002133
0.000486
0.000515
0.003051
0.002374
0.000464
0.000559
0.003004
0.001704
0.000135
0.000819
0.001696
0.00468
0.000502
0.000531
0.003808
0.002978
0.000202
0.00076
0.001107
0.003565
0.000534
0.00055
0.003879
0.002852
0.000416
0.000694
0.001409
0.000521
0.000566
0.000607
0.003661
0.002173
0.000476
0.000671
0.002229
0.000206
0.000564
0.000598
0.003643
0.002052
0.000296
0.000954
0.00037
0.00415
0.00057
0.000525
0.003772
0.002756
0.000579
0.000768
0.003009
0.000791
0.000605
0.000621
0.003759
0.001867
0.000369
0.001039
0.000335
0.004479
0.000585
0.000485
0.003802
0.002501
0.000487
0.001622
0.000664
0.007074
0.000535
0.00035
0.003632
0.002266
0.000687
0.000704
0.004106
0.001601
0.000572
0.001106
0.001185
0.003107
0.000654
0.00056
0.003967
0.001979
0.000714
0.000721
0.004146
0.001509
0.00064
0.001197
0.001462
0.00323
0.000693
0.000602
0.004023
0.001858
0.000743
0.000742
0.004315
0.001542
0.000641
0.002063
0.003007
0.010725
0.000654
0.000418
0.003246
0.001692
0.000822
0.000794
0.004656
0.001544
0.001012
0.002744
0.002702
0.012466
0.000869
0.00075
0.004754
0.001593
0.000883
0.000811
0.004827
0.00141
0.001084
0.001726
0.004438
0.001979
0.000965
0.000957
0.005692
0.001728
0.001077
0.001628
0.004678
0.002477
0.000948
0.000832
0.005088
0.001342
0.001264
0.002164
0.00337
0.004275
0.001056
0.001092
0.006595
0.002178
0.000984
0.000843
0.005479
0.001457
0.00118
0.001603
0.004956
0.00113
0.001049
0.000965
0.006043
0.001667
0.001194
0.001565
0.005103
0.001338
0.001079
0.001023
0.006377
0.001808
0.001031
0.000872
0.005732
0.001384
0.001289
0.001745
0.005969
0.001096
0.001132
0.001034
0.006398
0.002024
0.001049
0.000875
0.00579
0.001411
0.001504
0.002191
0.007244
0.001466
0.00117
0.001123
0.006993
0.002215
0.001088
0.000908
0.006003
0.001446
0.001075
0.00088
0.005962
0.001354
0.001078
0.000888
0.005959
0.001265
0.001959
0.003291
0.008587
0.003616
0.001293
0.001362
0.007629
0.002026
0.001154
0.000995
0.005954
0.000969
0.001289
0.001415
0.006718
0.000265
0.001183
0.000996
0.006604
0.001374
0.001152
0.000929
0.006295
0.001152
0.001435
0.001741
0.006861
0.000645
0.00122
0.001058
0.006815
0.001557
0.001164
0.000927
0.006391
0.001303
0.001583
0.002003
0.00772
0.000796
0.001264
0.001136
0.006952
0.001418
0.001198
0.000951
0.006351
0.00113
0.001488
0.001778
0.007365
0.000504
0.001265
0.001054
0.006968
0.00127
0.001667
0.002068
0.006945
0.001569
0.0014
0.001328
0.007888
0.001584
0.00126
0.000998
0.006562
0.000967
0.002586
0.004183
0.010833
0.004368
0.001515
0.001619
0.008281
0.001012
0.0013
0.000992
0.007259
0.001731
0.001296
0.000965
0.006669
0.000944
0.001345
0.001028
0.007102
0.000946
0.002754
0.004189
0.011377
0.004286
0.001617
0.001894
0.01012
0.000549
0.001414
0.001035
0.00783
0.00151
0.001398
0.001025
0.007146
0.000789
0.002457
0.003263
0.010733
0.00243
0.0016
0.001716
0.009329
0.000094
0.001508
0.001162
0.007811
0.000677
0.002074
0.002329
0.00954
0.000999
0.002207
0.00251
0.009503
0.001653
0.001739
0.001551
0.009875
0.001591
0.001572
0.001183
0.007832
0.00052
0.001549
0.001151
0.008075
0.000772
0.001551
0.001145
0.007994
0.000692
0.001555
0.001145
0.008019
0.000693
0.001557
0.001146
0.008024
0.000692
0.001803
0.001592
0.008666
0.000081
0.001613
0.001285
0.008461
0.000504
0.001568
0.001149
0.008075
0.000684
0.001571
0.001153
0.008075
0.000685
0.002289
0.002465
0.009965
0.001135
0.001697
0.00156
0.009467
0.000118
0.001622
0.001217
0.008276
0.000547
0.003563
0.004476
0.012609
0.003272
0.0022
0.002457
0.011509
0.001126
0.001812
0.001441
0.008855
0.000165
0.001709
0.00123
0.008594
0.000525
0.001707
0.001229
0.008602
0.000531
0.003533
0.004284
0.012882
0.003261
0.002597
0.002882
0.012756
0.00122
0.002196
0.002002
0.008912
0.002116
0.001911
0.001418
0.009682
0.00115
0.001801
0.001281
0.009039
0.000585
0.001802
0.001278
0.008867
0.000397
0.001814
0.001291
0.008997
0.000473
0.002192
0.001907
0.009777
0.00043
0.002076
0.001722
0.009595
0.000289
0.002577
0.002598
0.010903
0.001246
0.002511
0.002364
0.009849
0.001622
0.002116
0.001669
0.010272
0.000597
0.001902
0.001338
0.009398
0.000377
0.001876
0.001312
0.009173
0.000198
0.002836
0.002859
0.011345
0.001642
0.00262
0.002491
0.010952
0.001359
0.002243
0.001871
0.009923
0.001028
0.002937
0.002899
0.011069
0.002098
0.002543
0.002354
0.011705
0.000516
0.002199
0.001813
0.010606
0.000201
0.002062
0.001517
0.009745
0.000091
0.001985
0.001385
0.009603
0.000196
0.002638
0.002404
0.010956
0.001104
0.002549
0.00224
0.010663
0.00111
0.003063
0.003035
0.011563
0.001957
0.002928
0.002781
0.009922
0.002838
0.002459
0.002111
0.011363
0.000168
0.002213
0.001673
0.00978
0.001007
0.002091
0.001457
0.009975
0.000394
0.002938
0.002698
0.011731
0.001534
0.002824
0.002517
0.01089
0.002026
0.002493
0.002059
0.01041
0.00173
0.002309
0.001714
0.010993
0.00029
0.002176
0.001512
0.010129
0.000614
0.002388
0.001846
0.010757
0.000734
0.00234
0.001782
0.010668
0.000694
0.00224
0.001642
0.010716
0.000273
0.002219
0.001576
0.010499
0.000055
0.002159
0.001482
0.010302
0.00005
0.002148
0.001461
0.010278
0.000048
0.002148
0.001461
0.010271
0.000055
0.00315
0.002905
0.012054
0.001676
0.002912
0.002616
0.010754
0.002629
0.002805
0.002386
0.012546
0.000156
0.002585
0.002042
0.01084
0.00111
0.002305
0.001659
0.01059
0.000907
0.00227
0.001564
0.010459
0.000686
0.002217
0.001484
0.010622
0.000237
0.002196
0.001462
0.010448
0.000297
0.002197
0.001463
0.010486
0.000242
0.002401
0.001758
0.010832
0.000664
0.002375
0.001722
0.010599
0.000817
0.002298
0.001625
0.010924
0.000353
0.002779
0.002279
0.011318
0.00133
0.002617
0.002107
0.011091
0.001452
0.002486
0.001928
0.011319
0.000834
0.00245
0.001816
0.010877
0.000792
0.002311
0.001608
0.010458
0.00075
0.002461
0.001797
0.01072
0.000779
0.002402
0.001724
0.010579
0.000867
0.002341
0.001636
0.01094
0.000484
0.002288
0.001552
0.010567
0.000762
0.002263
0.001503
0.010772
0.00046
0.002452
0.001758
0.010848
0.000953
0.002401
0.001704
0.010711
0.001032
0.002397
0.001682
0.010837
0.000742
0.002326
0.001588
0.010604
0.000714
0.002472
0.001797
0.010736
0.001076
0.00244
0.00175
0.010956
0.000816
0.002361
0.001642
0.010559
0.001015
0.002335
0.001574
0.010713
0.000634
0.002585
0.001941
0.010944
0.001423
0.002518
0.001857
0.01077
0.001469
0.002468
0.001766
0.011022
0.000995
0.002391
0.001631
0.010434
0.001168
0.002323
0.001524
0.01049
0.000834
0.002313
0.001509
0.010381
0.000839
0.002181
0.001326
0.010195
0.000509
0.0022
0.001352
0.010373
0.000412
0.002212
0.001376
0.010134
0.000727
0.002247
0.001423
0.010389
0.000608
0.002277
0.001469
0.010419
0.000694
0.002291
0.001494
0.010443
0.000732
0.002791
0.002192
0.011113
0.001932
0.002731
0.002097
0.010516
0.002199
0.002568
0.001891
0.011183
0.001141
0.002553
0.001825
0.010355
0.001501
0.002444
0.001662
0.010192
0.001476
0.002397
0.001593
0.010407
0.001203
0.002397
0.00159
0.010199
0.00131
0.002588
0.00185
0.010318
0.001853
0.002538
0.001788
0.010384
0.001677
0.00252
0.001746
0.01025
0.001578
0.002474
0.001685
0.00997
0.00158
0.002461
0.001651
0.00991
0.001394
0.002445
0.001626
0.0099
0.001395
0.00244
0.001619
0.009899
0.001396
0.002858
0.002184
0.010067
0.002692
0.002793
0.002093
0.009947
0.002622
0.002705
0.001951
0.010035
0.002119
0.00262
0.001806
0.009525
0.002159
0.002591
0.001766
0.009337
0.002143
0.002598
0.001772
0.009288
0.002103
0.0026
0.001773
0.00926
0.002103
0.0026
0.001773
0.009247
0.002104
0.002601
0.001773
0.009247
0.002095
0.002602
0.001774
0.009246
0.002095
0.003465
0.002854
0.00892
0.005319
0.003437
0.002783
0.009272
0.004542
0.003335
0.002622
0.008023
0.004765
0.003261
0.002503
0.007612
0.004433
0.003268
0.002499
0.007065
0.004542
0.003265
0.002491
0.007013
0.004462
0.003263
0.002485
0.006986
0.004485
0.003247
0.002464
0.006986
0.004483
0.003241
0.002455
0.006985
0.004483
0.003293
0.002514
0.00679
0.004877
0.003308
0.002526
0.00695
0.004728
0.003306
0.002524
0.006784
0.004829
0.003309
0.002527
0.006772
0.00479
0.003311
0.002528
0.006774
0.004758
0.003316
0.002533
0.006739
0.004757
0.003319
0.002539
0.006728
0.004751
0.003322
0.002543
0.00673
0.004749
0.003322
0.002544
0.006728
0.00475
0.003322
0.002544
0.006728
0.00475
