0.011565
0.009134
0.080738
0.060011
0.015699
0.005157
0.092795
0.103227
0.021173
0.001611
0.096009
0.115418
0.042933
0.003469
0.104046
0.150125
0.048802
0.006508
0.100382
0.155244
0.052841
0.006932
0.10844
0.167784
0.06532
0.01071
0.112553
0.187992
0.069105
0.01183
0.114581
0.194866
0.076549
0.013949
0.116832
0.206562
0.080571
0.015075
0.118609
0.21342
0.081067
0.015412
0.119125
0.214761
0.093712
0.019356
0.122707
0.234672
0.100476
0.021068
0.125722
0.246015
0.109246
0.023673
0.128756
0.2602
0.119823
0.026948
0.13232
0.277303
0.126183
0.028239
0.1352
0.287651
0.139707
0.032753
0.137733
0.307719
0.140518
0.032165
0.141183
0.311351
0.162323
0.037908
0.144962
0.34168
0.164708
0.036185
0.152211
0.349527
0.177045
0.040064
0.15273
0.365642
0.177888
0.039904
0.153976
0.367532
0.202196
0.047794
0.155804
0.399839
0.210518
0.047663
0.161239
0.413094
0.220528
0.047857
0.166759
0.428429
0.229245
0.051308
0.166139
0.439141
0.233197
0.051951
0.169508
0.446772
0.245346
0.055157
0.171254
0.462627
0.254216
0.056579
0.175264
0.47602
0.268801
0.059431
0.17721
0.49374
0.283389
0.061219
0.179916
0.511028
0.29276
0.061941
0.183949
0.524012
0.301228
0.062756
0.187562
0.535848
0.312457
0.063971
0.189808
0.548945
0.327568
0.064998
0.190726
0.563656
0.338784
0.065099
0.193768
0.576227
0.347115
0.0654
0.197351
0.587124
0.357222
0.066192
0.199291
0.598212
0.367196
0.066389
0.200837
0.608169
0.387155
0.065535
0.200184
0.622529
0.399062
0.064747
0.201825
0.632814
0.40714
0.064522
0.205213
0.642369
0.414341
0.064981
0.209242
0.652529
0.431792
0.063525
0.209442
0.664473
0.443022
0.06225
0.211283
0.673567
0.463214
0.058777
0.211306
0.684935
0.485989
0.053745
0.211676
0.696552
0.501028
0.050622
0.213665
0.705971
0.512815
0.048612
0.215786
0.714249
0.526905
0.045788
0.217135
0.722272
0.533874
0.045277
0.219754
0.729115
0.544036
0.044077
0.221779
0.736486
0.554621
0.04236
0.22359
0.743437
0.572352
0.037819
0.224187
0.750489
0.589321
0.033349
0.224792
0.756878
0.6071
0.028185
0.224939
0.761986
0.612763
0.027876
0.226748
0.767078
0.622591
0.026469
0.228171
0.772203
0.630383
0.02558
0.229657
0.777014
0.636487
0.027728
0.226539
0.77403
0.65215
0.020905
0.229933
0.78344
0.663631
0.018289
0.231236
0.787553
0.671096
0.02312
0.225483
0.778865
0.702361
0.00326
0.233695
0.794865
0.716345
0.000015
0.234552
0.797859
0.726571
0.00167
0.235238
0.800672
0.744542
0.006443
0.235724
0.802231
0.760678
0.00989
0.236068
0.804469
0.775528
0.012419
0.236593
0.806585
0.791807
0.015431
0.237082
0.80796
0.798253
0.014803
0.237619
0.81026
0.806896
0.014984
0.238679
0.812558
0.813021
0.013938
0.23954
0.815127
0.821737
0.013635
0.240682
0.817619
0.83216
0.01412
0.24131
0.818874
0.845497
0.015673
0.24196
0.819129
0.852966
0.01542
0.242548
0.819873
0.863139
0.016541
0.243619
0.819989
0.873655
0.017645
0.24439
0.81967
0.878148
0.016312
0.245167
0.821409
0.894152
0.018419
0.246948
0.820225
0.898694
0.016314
0.247478
0.821739
0.907488
0.015726
0.248495
0.821957
0.913549
0.013954
0.248896
0.82281
0.922579
0.013724
0.249786
0.82224
0.929361
0.009577
0.249431
0.814452
0.945622
0.008593
0.251912
0.805357
0.96979
0.021045
0.259744
0.803035
0.981082
0.02605
0.261465
0.806116
1.00703
0.030919
0.257788
0.804132
1.010108
0.027738
0.257451
0.804741
1.01481
0.0252
0.258038
0.803243
1.022789
0.02398
0.258557
0.799477
1.027536
0.020922
0.25908
0.793704
1.03708
0.017728
0.26046
0.785171
1.044536
0.022533
0.259778
0.790958
1.05622
0.021067
0.261134
0.784995
1.06273
0.019475
0.261448
0.780854
1.067207
0.017422
0.261628
0.777907
1.068226
0.013685
0.261979
0.778879
1.069659
0.011528
0.263725
0.778401
1.077196
0.009987
0.265781
0.773172
1.078875
0.006908
0.265693
0.773352
1.091867
0.005626
0.269474
0.765412
1.094833
0.00288
0.269087
0.763223
1.105026
0.000025
0.270671
0.756234
1.107812
0.002636
0.270584
0.753783
1.114613
0.005521
0.271537
0.748527
1.121162
0.007462
0.272894
0.743146
1.125862
0.009813
0.273557
0.738865
1.132507
0.011814
0.275207
0.733014
1.138995
0.01322
0.277255
0.727021
1.145245
0.015186
0.278956
0.720862
1.154898
0.016976
0.282338
0.711758
1.15556
0.021164
0.280255
0.709082
1.172357
0.022625
0.288822
0.692932
1.172955
0.026694
0.286194
0.689623
1.174223
0.030378
0.285571
0.684986
1.181446
0.032651
0.289331
0.675789
1.189367
0.036416
0.296345
0.663587
1.195733
0.03536
0.29557
0.65931
1.198236
0.037016
0.297117
0.652745
1.205949
0.038405
0.302379
0.640759
1.212559
0.040003
0.306436
0.629939
1.212688
0.043076
0.304646
0.62339
1.221024
0.04582
0.310834
0.607677
1.222561
0.04659
0.312669
0.600119
1.22505
0.049865
0.315664
0.592675
1.232841
0.051034
0.324059
0.579113
1.234015
0.049139
0.320422
0.575736
1.241356
0.053658
0.330985
0.56145
1.244405
0.046994
0.334998
0.553122
1.253418
0.05091
0.349108
0.533813
1.253995
0.045371
0.348298
0.526308
1.258248
0.044363
0.357314
0.506226
1.256878
0.049072
0.352368
0.492125
1.252784
0.07052
0.330115
0.469427
1.253158
0.078549
0.328124
0.452722
1.252796
0.07979
0.323437
0.435191
1.254632
0.08267
0.327076
0.416311
1.248552
0.078411
0.326604
0.397559
1.244378
0.070176
0.335924
0.386354
1.240853
0.073582
0.334705
0.381422
1.23904
0.073796
0.337197
0.365448
1.236275
0.076588
0.336734
0.35197
1.233308
0.072813
0.345125
0.334807
1.229683
0.071957
0.347858
0.323493
1.227503
0.071954
0.352766
0.308695
1.220748
0.059854
0.368056
0.292051
1.216002
0.064062
0.364858
0.282066
1.207999
0.058032
0.371085
0.258357
1.198992
0.06182
0.367011
0.242041
1.191134
0.084657
0.344929
0.223766
1.177598
0.086879
0.336932
0.198418
1.176392
0.092289
0.338925
0.191503
1.170869
0.084712
0.349795
0.177926
1.159087
0.060625
0.357952
0.176463
1.152706
0.0624
0.356864
0.171382
1.135252
0.01327
0.388093
0.163269
1.10811
0.038651
0.411607
0.154484
1.090772
0.056116
0.413777
0.143202
1.066385
0.063166
0.401767
0.121028
1.034886
0.078569
0.382475
0.09128
1.028793
0.045244
0.357663
0.061118
0.992321
0.06291
0.335147
0.039361
0.987767
0.051452
0.331463
0.044658
0.965017
0.067836
0.330869
0.066207
0.944772
0.085071
0.338381
0.105774
0.917788
0.120556
0.353735
0.157403
0.881293
0.201807
0.376896
0.206691
0.848072
0.311266
0.402372
0.24593
0.801403
0.48522
0.422563
0.316008
0.811164
0.638062
0.468078
0.417683
0.823093
0.634979
0.485244
0.428274
0.829455
0.645427
0.483451
0.419698
0.831544
0.64604
0.474119
0.399779
0.829612
0.64506
0.457096
0.370854
0.828194
0.646286
0.440427
0.342089
0.830394
0.64798
0.42801
0.314778
0.833245
0.651036
0.415622
0.285701
0.833212
0.651245
0.409569
0.273287
0.832738
0.651218
0.407476
0.26989
0.832771
0.651153
0.407217
0.269247
0.832879
0.651219
0.407181
0.26898
0.832984
0.651333
0.407247
0.268959
0.833016
0.651339
0.407354
0.269114
0.832971
0.651343
0.407462
0.269436
0.832877
0.651218
0.407566
0.26979
0.832779
0.651075
0.407731
0.270269
0.832722
0.65102
0.408054
0.271029
0.832746
0.650993
0.408515
0.271938
0.832779
0.651082
0.408792
0.27248
0.832812
0.651075
0.409058
0.272967
0.832849
0.651033
0.409497
0.27379
0.832853
0.651048
0.409602
0.274002
0.832844
0.651074
0.409722
0.274281
0.832827
0.651082
0.409806
0.274492
0.832767
0.650912
0.409805
0.274532
0.832714
0.651003
0.409601
0.27425
0.832684
0.650861
0.409315
0.27366
0.832724
0.651024
0.40913
0.273267
0.832802
0.651002
0.408957
0.272745
0.832878
0.651205
0.408803
0.272352
0.832887
0.651149
0.408681
0.272069
0.832865
0.651155
0.408581
0.271903
0.83281
0.651109
0.408511
0.271845
0.832778
0.65106
0.408494
0.271848
0.832776
0.651069
0.408542
0.271955
0.832804
0.651079
0.408645
0.272115
0.832838
0.651102
0.40876
0.272304
0.832848
0.65114
0.408788
0.27236
0.832866
0.651121
0.40889
0.272523
0.832868
0.651182
0.408971
0.272713
0.832817
0.651042
0.409032
0.27289
0.832786
0.651046
0.409157
0.273194
0.832769
0.651005
0.409257
0.273427
0.832769
0.651005
0.409257
0.273427
