0.01236
0.009968
0.079357
0.057003
0.001516
0.005832
0.081986
0.077584
0.008391
0.004251
0.091077
0.095132
0.037285
0.001963
0.101842
0.140817
0.037775
0.003765
0.103065
0.144322
0.047688
0.006123
0.106778
0.160212
0.061353
0.009349
0.111359
0.181525
0.073108
0.012533
0.11562
0.200554
0.073526
0.013268
0.116236
0.202315
0.076927
0.01444
0.117506
0.208097
0.080569
0.015466
0.11882
0.214016
0.090623
0.018305
0.122142
0.230034
0.091851
0.018294
0.122974
0.232071
0.09156
0.018427
0.123
0.231941
0.094585
0.019401
0.123778
0.236651
0.095014
0.019341
0.124247
0.237484
0.103759
0.022146
0.126981
0.251553
0.104877
0.021976
0.127834
0.253345
0.114635
0.025792
0.129378
0.268179
0.118645
0.026102
0.132476
0.275497
0.134254
0.03156
0.135432
0.298962
0.139236
0.030377
0.141633
0.308876
0.145479
0.033323
0.141306
0.31747
0.149964
0.034567
0.143218
0.324922
0.156195
0.0365
0.145238
0.334817
0.159351
0.036958
0.146767
0.339848
0.169557
0.040308
0.147766
0.353944
0.179726
0.043998
0.149823
0.369144
0.186487
0.045013
0.154287
0.381005
0.194867
0.04672
0.158238
0.394521
0.20294
0.048354
0.161183
0.406653
0.210324
0.047413
0.169237
0.420899
0.220533
0.051571
0.166552
0.43171
0.223402
0.051663
0.168428
0.436386
0.229655
0.053506
0.169774
0.445263
0.233713
0.054182
0.171792
0.451704
0.243236
0.056721
0.17238
0.463399
0.248524
0.057282
0.174958
0.471358
0.258382
0.05923
0.176639
0.483782
0.264931
0.060059
0.179412
0.493264
0.270461
0.060838
0.181901
0.501495
0.275943
0.061691
0.183842
0.50919
0.282395
0.062744
0.185663
0.51777
0.288694
0.063789
0.187382
0.526075
0.297917
0.068274
0.17837
0.528322
0.306055
0.067033
0.188463
0.545217
0.311886
0.066907
0.192612
0.554403
0.319346
0.067748
0.194315
0.563338
0.327492
0.068494
0.195696
0.572355
0.332143
0.068727
0.198501
0.579486
0.340082
0.069741
0.198753
0.58733
0.34538
0.069665
0.202245
0.595604
0.35044
0.070723
0.203679
0.602353
0.354095
0.071457
0.205254
0.607712
0.358344
0.072304
0.206893
0.613993
0.361637
0.073272
0.207491
0.618199
0.365217
0.073833
0.207936
0.622076
0.368384
0.074929
0.21603
0.633972
0.375348
0.076496
0.214465
0.639426
0.380107
0.076942
0.213922
0.643116
0.384956
0.077337
0.213833
0.647263
0.387834
0.077637
0.214893
0.650933
0.39155
0.07807
0.215508
0.654868
0.396232
0.078326
0.215639
0.658891
0.404281
0.077928
0.214652
0.663753
0.408334
0.077946
0.21603
0.668279
0.417729
0.077276
0.216017
0.674744
0.423129
0.076813
0.217298
0.679741
0.430425
0.076271
0.217999
0.685372
0.440159
0.075156
0.218216
0.691727
0.445617
0.07466
0.220121
0.69721
0.451118
0.074479
0.222042
0.70299
0.456635
0.074287
0.223625
0.708418
0.464439
0.073445
0.224037
0.713671
0.469218
0.075907
0.218159
0.710723
0.482014
0.070447
0.223024
0.721911
0.488012
0.069444
0.225626
0.7279
0.498467
0.067779
0.226409
0.734267
0.50779
0.065879
0.226801
0.739185
0.519609
0.063294
0.226673
0.744478
0.532201
0.060846
0.226037
0.749651
0.543404
0.056998
0.225789
0.753054
0.54827
0.057554
0.232057
0.763595
0.560855
0.055381
0.232824
0.769847
0.566796
0.054786
0.234271
0.774419
0.575043
0.053417
0.234972
0.778719
0.582078
0.052174
0.235579
0.782287
0.589009
0.050994
0.236248
0.785845
0.59473
0.050252
0.237239
0.789388
0.600314
0.049634
0.238226
0.792884
0.609759
0.047586
0.238677
0.79659
0.619523
0.045542
0.239171
0.800437
0.629396
0.04342
0.239415
0.803823
0.632734
0.043991
0.241649
0.808377
0.636877
0.044361
0.243445
0.812381
0.644961
0.043185
0.243936
0.815646
0.647229
0.044134
0.243126
0.815292
0.657641
0.041558
0.242905
0.819556
0.659393
0.042989
0.241793
0.818306
0.670772
0.038494
0.24373
0.824139
0.68017
0.036397
0.244292
0.826703
0.688403
0.034836
0.245193
0.829582
0.691353
0.035387
0.247155
0.833173
0.695078
0.035753
0.248761
0.836228
0.701603
0.035199
0.249591
0.838913
0.715234
0.031536
0.248745
0.839486
0.716562
0.032305
0.248429
0.83961
0.727273
0.029464
0.248257
0.841638
0.734288
0.028327
0.248724
0.843315
0.734361
0.030927
0.252478
0.849231
0.748887
0.028041
0.252244
0.84999
0.756092
0.027303
0.252036
0.850934
0.763381
0.026666
0.252065
0.852319
0.780875
0.022524
0.251048
0.852042
0.789556
0.021254
0.250967
0.852444
0.807414
0.017181
0.249976
0.851219
0.817505
0.015529
0.250061
0.851098
0.824862
0.015312
0.250331
0.851934
0.833455
0.014229
0.250822
0.851943
0.840914
0.013658
0.251091
0.852319
0.846509
0.013548
0.25178
0.852881
0.852146
0.013588
0.252501
0.853659
0.859164
0.01337
0.25327
0.854237
0.869389
0.012117
0.253913
0.853602
0.882721
0.009722
0.254619
0.851681
0.888537
0.010437
0.255021
0.852002
0.898819
0.009546
0.255819
0.851019
0.906203
0.009292
0.256253
0.849962
0.915122
0.008443
0.256783
0.848429
0.920946
0.009104
0.257209
0.848209
0.925046
0.010246
0.257842
0.848585
0.930479
0.011308
0.258608
0.848711
0.936201
0.012257
0.259123
0.848412
0.948314
0.01115
0.260121
0.845387
0.954323
0.011835
0.260402
0.844214
0.967903
0.016288
0.261348
0.829089
0.984692
0.008445
0.260717
0.8331
0.988372
0.009981
0.261298
0.832603
1.000019
0.009597
0.262801
0.828047
1.009139
0.013262
0.263945
0.817743
1.031885
0.007613
0.264925
0.813384
1.037486
0.008757
0.26513
0.810637
1.04752
0.008869
0.266821
0.805165
1.054678
0.010059
0.267254
0.800925
1.061691
0.0111
0.268046
0.796704
1.071896
0.011692
0.269889
0.790494
1.085448
0.011644
0.272945
0.781813
1.092602
0.013506
0.273239
0.776552
1.104399
0.014135
0.276121
0.768131
1.121017
0.013516
0.281548
0.7557
1.126522
0.015861
0.281314
0.750653
1.133574
0.018884
0.281593
0.744286
1.146514
0.01992
0.286015
0.732744
1.156218
0.0217
0.288673
0.723085
1.165682
0.023936
0.291186
0.712806
1.169903
0.026395
0.291458
0.706475
1.168759
0.033329
0.286743
0.704348
1.175515
0.036431
0.288018
0.694209
1.180645
0.037453
0.290881
0.686452
1.1956
0.036716
0.300801
0.669588
1.194524
0.043462
0.296098
0.667842
1.19584
0.046215
0.295715
0.659687
1.19946
0.047132
0.299401
0.650969
1.201392
0.048129
0.301425
0.643988
1.201676
0.049917
0.302002
0.638684
1.217519
0.050616
0.314607
0.617619
1.217077
0.055657
0.309638
0.61154
1.219212
0.059084
0.310397
0.599713
1.225645
0.062631
0.319141
0.586228
1.239755
0.055777
0.333433
0.563605
1.238935
0.062093
0.326961
0.556348
1.242412
0.063931
0.330659
0.537996
1.241849
0.063124
0.334469
0.526042
1.246568
0.061709
0.344191
0.507152
1.248694
0.0651
0.347368
0.498366
1.250213
0.065973
0.346987
0.483864
1.246157
0.073583
0.339522
0.474959
1.242113
0.084205
0.325839
0.45725
1.238626
0.084561
0.327171
0.437376
1.24026
0.07693
0.342918
0.419239
1.237139
0.083448
0.338215
0.41592
1.236248
0.083418
0.340399
0.400117
1.234747
0.084167
0.341621
0.387028
1.221939
0.101533
0.323982
0.382576
1.215113
0.109384
0.312738
0.377551
1.215569
0.110892
0.3162
0.370987
1.210003
0.121112
0.311822
0.377354
1.20346
0.132971
0.307912
0.389908
1.197016
0.152745
0.304015
0.408942
1.188725
0.173512
0.302477
0.433545
1.183666
0.177546
0.304268
0.443279
1.168767
0.193442
0.310719
0.477647
1.159985
0.217491
0.315886
0.512954
1.158049
0.228234
0.317887
0.527027
1.150235
0.254641
0.329289
0.570893
1.142967
0.274902
0.347156
0.615828
1.143668
0.281012
0.350116
0.624591
1.144334
0.280949
0.350923
0.625227
1.144598
0.28088
0.351093
0.625251
1.144654
0.280867
0.3511
0.625221
1.144884
0.280713
0.351139
0.625024
1.145047
0.280364
0.35121
0.624728
1.145179
0.279945
0.351216
0.624285
1.145328
0.279516
0.351104
0.623694
1.1455
0.279154
0.350852
0.62298
1.145645
0.278828
0.350558
0.622256
1.145727
0.27841
0.350312
0.621538
1.145747
0.278194
0.350203
0.621196
1.14581
0.277811
0.349955
0.620509
1.145931
0.277519
0.349704
0.619884
1.145998
0.277408
0.349588
0.619605
1.146129
0.277222
0.349443
0.619208
1.146137
0.277126
0.349453
0.619117
1.146172
0.277006
0.34951
0.619066
1.146241
0.277058
0.349574
0.619165
1.14629
0.277172
0.349668
0.619361
1.146278
0.277234
0.349826
0.619621
1.146222
0.2773
0.34998
0.61989
1.146163
0.277421
0.350104
0.620184
1.146109
0.277651
0.350155
0.620476
1.148028
0.277297
0.351991
0.618321
1.180446
0.273833
0.399948
0.563402
1.188222
0.245001
0.418343
0.544525
1.181747
0.223234
0.430087
0.519502
1.173568
0.213755
0.431054
0.491892
1.172221
0.224495
0.422665
0.471832
1.168059
0.229175
0.414138
0.45891
1.147936
0.226805
0.387446
0.419725
1.140811
0.241319
0.367665
0.403109
1.125338
0.26525
0.328447
0.380266
1.124546
0.266568
0.328429
0.378564
1.126528
0.265848
0.346153
0.354662
1.124994
0.218117
0.38253
0.344873
1.117442
0.206129
0.383629
0.348237
1.107604
0.211364
0.375469
0.344166
1.102771
0.217967
0.37112
0.331681
1.099693
0.20399
0.37898
0.321464
1.075813
0.185841
0.373502
0.296
1.068962
0.193236
0.357956
0.286434
1.065559
0.207434
0.342462
0.271112
1.063504
0.221141
0.32821
0.257295
1.038907
0.249582
0.278754
0.211726
1.020899
0.259753
0.254719
0.200176
1.017067
0.251305
0.257819
0.184632
0.984145
0.222616
0.241319
0.173809
0.965781
0.299813
0.167329
0.122191
0.953763
0.337163
0.122468
0.109912
0.939726
0.464082
0.009279
0.069796
0.915496
0.496038
0.029425
0.063168
0.895327
0.554234
0.060828
0.131109
0.874545
0.601297
0.0297
0.243894
0.8531
0.644092
0.041023
0.382191
0.813772
0.699554
0.150529
0.531352
0.796622
0.730651
0.337297
0.690704
0.782308
0.733094
0.446248
0.71048
0.781195
0.730957
0.545403
0.735581
0.775064
0.740589
0.586512
0.750891
0.768028
0.753669
0.637513
0.7679
0.767844
0.757127
0.685177
0.780621
0.764694
0.759039
0.704156
0.779831
0.76407
0.760653
0.706272
0.780824
0.76461
0.760827
0.708901
0.782433
0.763873
0.761373
0.71073
0.782095
0.763756
0.761498
0.712647
0.782215
0.764039
0.761323
0.714886
0.782727
0.763946
0.761387
0.716864
0.782871
0.763887
0.761495
0.717957
0.783026
0.763733
0.761702
0.718483
0.783093
0.763721
0.761799
0.71847
0.783203
0.763775
0.76182
0.717859
0.783251
0.763789
0.761708
0.716558
0.782983
0.763883
0.761444
0.714725
0.782605
0.764076
0.761128
0.712885
0.782315
0.764093
0.761011
0.711234
0.782004
0.763979
0.761138
0.710428
0.781884
0.763979
0.761138
0.710428
0.781884
