0.019699
0.010179
0.082277
0.052369
0.085559
0.000313
0.108544
0.193732
0.066356
0.012051
0.116047
0.19383
0.104543
0.025184
0.123626
0.251927
0.118948
0.028262
0.130548
0.275953
0.143431
0.03554
0.135323
0.31158
0.166307
0.041717
0.142081
0.346259
0.187767
0.046732
0.150522
0.379848
0.205564
0.050086
0.157394
0.406647
0.227554
0.054355
0.162819
0.436496
0.245508
0.056729
0.169073
0.461419
0.262346
0.058999
0.172792
0.482533
0.275149
0.060717
0.176285
0.49913
0.290155
0.062462
0.178989
0.51673
0.307946
0.063547
0.181459
0.535654
0.319365
0.064125
0.185236
0.549832
0.333304
0.071553
0.170749
0.550391
0.346853
0.065987
0.1872
0.576236
0.368443
0.063957
0.191802
0.596448
0.39778
0.059838
0.193707
0.617505
0.422471
0.056379
0.195227
0.634655
0.443158
0.052675
0.197816
0.649257
0.46225
0.049055
0.199893
0.661808
0.482633
0.044673
0.201971
0.67412
0.512893
0.036422
0.203451
0.688169
0.535184
0.030298
0.205789
0.699259
0.557934
0.023992
0.207945
0.709747
0.587099
0.014654
0.209432
0.719402
0.609042
0.008062
0.21118
0.727399
0.634778
0.000065
0.212854
0.734883
0.654535
0.00507
0.214728
0.741925
0.676803
0.010912
0.217089
0.74911
0.695794
0.014614
0.218869
0.755746
0.723999
0.021856
0.220352
0.760733
0.741141
0.017076
0.215291
0.747062
0.779783
0.020039
0.211948
0.734698
0.821784
0.011712
0.208959
0.727713
0.884498
0.066054
0.21948
0.74886
0.914981
0.071369
0.225033
0.74663
0.937372
0.073607
0.228489
0.743995
0.961106
0.076054
0.232522
0.739554
0.979103
0.071327
0.237165
0.724788
1.01475
0.074672
0.234541
0.725854
1.034392
0.073762
0.238479
0.720017
1.057979
0.074411
0.244841
0.710327
1.082256
0.073173
0.250717
0.699129
1.117445
0.07212
0.26196
0.679295
1.143296
0.067188
0.267962
0.663573
1.167619
0.061346
0.274196
0.64703
1.195597
0.055963
0.285236
0.624614
1.216855
0.047062
0.305055
0.596114
1.245752
0.055349
0.320762
0.570107
1.277022
0.049141
0.342437
0.530447
1.308779
0.043661
0.405199
0.467151
1.318219
0.072045
0.424441
0.430088
1.30668
0.08946
0.443017
0.394172
1.292214
0.087
0.436214
0.356309
1.287179
0.085256
0.456727
0.321037
1.270685
0.138048
0.506844
0.279001
1.243405
0.178053
0.513403
0.253259
1.211496
0.239981
0.529421
0.203738
1.160183
0.308931
0.531497
0.186058
1.113232
0.373347
0.525924
0.160519
1.067602
0.429093
0.511011
0.143936
1.007058
0.512665
0.481543
0.129163
0.946574
0.604894
0.443863
0.136424
0.902427
0.654445
0.420845
0.150364
0.866447
0.714949
0.374709
0.150423
0.839511
0.653788
0.341342
0.101636
0.834594
0.657796
0.34124
0.116927
0.832323
0.652549
0.346987
0.134859
0.834055
0.655465
0.360394
0.164371
0.83672
0.656145
0.378808
0.201168
0.834408
0.653605
0.388387
0.22674
0.832483
0.651744
0.400577
0.256146
0.832706
0.6509
0.409409
0.273801
0.832662
0.650889
0.409629
0.274382
0.832671
0.650851
0.409715
0.274518
0.832681
0.650851
0.409712
0.274492
0.832693
0.650871
0.409707
0.274465
0.832704
0.6509
0.409699
0.274437
0.832742
0.650981
0.40962
0.274236
0.832767
0.650964
0.409454
0.273833
0.832775
0.651038
0.409203
0.273322
0.832771
0.651045
0.409067
0.273057
0.832772
0.651023
0.408982
0.272864
0.832766
0.651003
0.408793
0.272476
0.832766
0.651017
0.40869
0.272268
0.832776
0.651082
0.408392
0.271651
0.832806
0.651079
0.408188
0.271169
0.832852
0.651202
0.408
0.270734
0.83288
0.651186
0.407869
0.270395
0.832897
0.651217
0.407825
0.270286
0.832889
0.651176
0.407816
0.270265
0.832885
0.65116
0.407812
0.270262
0.832858
0.651178
0.407861
0.270425
0.832847
0.65112
0.407908
0.27052
0.832847
0.65112
0.407908
0.27052
