0.011532
0.009729
0.080725
0.059437
0.033085
0.003675
0.100876
0.130073
0.032604
0.002177
0.101409
0.135953
0.042685
0.004761
0.104745
0.151864
0.042911
0.005175
0.105096
0.152851
0.04761
0.006305
0.106863
0.1604
0.05232
0.007465
0.108544
0.1679
0.056836
0.008683
0.110199
0.175235
0.069232
0.011949
0.11435
0.194881
0.073138
0.013091
0.116086
0.201604
0.089891
0.018053
0.12032
0.227243
0.094504
0.018855
0.123714
0.235966
0.095096
0.019181
0.12412
0.23728
0.106138
0.023097
0.126648
0.254489
0.11009
0.023702
0.129495
0.261801
0.113286
0.024548
0.130699
0.266963
0.131276
0.030941
0.133759
0.293795
0.137154
0.030995
0.13874
0.304561
0.144209
0.033363
0.140556
0.315517
0.151051
0.035174
0.143369
0.326692
0.161356
0.037977
0.146642
0.34258
0.165641
0.038369
0.14884
0.349322
0.168756
0.039106
0.149907
0.354105
0.175913
0.043934
0.142013
0.357534
0.178125
0.041459
0.154383
0.369754
0.184738
0.043035
0.155761
0.378976
0.189156
0.044143
0.15675
0.385247
0.194675
0.045826
0.158292
0.39363
0.199171
0.04671
0.160511
0.400957
0.203483
0.047668
0.162089
0.40753
0.208815
0.04909
0.16358
0.415387
0.217735
0.051634
0.164442
0.42699
0.222517
0.051772
0.167456
0.434677
0.227671
0.053195
0.168247
0.441629
0.23041
0.053587
0.169956
0.446281
0.234003
0.054499
0.170927
0.451445
0.238753
0.055745
0.171948
0.458024
0.241494
0.055977
0.173931
0.462785
0.246185
0.057219
0.174839
0.469161
0.255348
0.059348
0.176034
0.480632
0.259447
0.05947
0.178622
0.4871
0.263547
0.06022
0.180488
0.493414
0.274757
0.062691
0.180377
0.505615
0.281064
0.060053
0.194017
0.522517
0.290633
0.062739
0.190892
0.530447
0.297365
0.064358
0.189794
0.536841
0.304931
0.065807
0.189391
0.544404
0.313604
0.067117
0.189826
0.553483
0.321202
0.067752
0.191523
0.562241
0.327376
0.067687
0.197125
0.573406
0.332106
0.068537
0.199041
0.580233
0.335494
0.069271
0.20047
0.585249
0.339054
0.069897
0.20192
0.590546
0.343937
0.071015
0.201471
0.595157
0.347013
0.071606
0.203113
0.59993
0.351033
0.072471
0.204601
0.605545
0.355901
0.073085
0.205005
0.61056
0.358934
0.073087
0.212072
0.620289
0.362134
0.074143
0.21256
0.624448
0.364207
0.074933
0.212388
0.62681
0.367924
0.075808
0.211651
0.629922
0.371575
0.076495
0.211656
0.633512
0.378416
0.076774
0.210816
0.638393
0.382311
0.077065
0.212
0.642951
0.384425
0.078527
0.20981
0.643082
0.387761
0.077588
0.213593
0.649385
0.390713
0.077663
0.214441
0.652739
0.398749
0.07733
0.213224
0.657415
0.401766
0.077333
0.214813
0.661407
0.406785
0.077324
0.215726
0.666172
0.41002
0.077617
0.217953
0.671206
0.413193
0.077911
0.219652
0.675676
0.418353
0.07809
0.220296
0.680407
0.428662
0.077102
0.218614
0.685555
0.432761
0.076952
0.219819
0.689685
0.436908
0.077421
0.223118
0.696976
0.449235
0.076397
0.221043
0.702914
0.453242
0.076101
0.222481
0.70698
0.460424
0.07533
0.223039
0.711936
0.466426
0.076823
0.218305
0.710687
0.471795
0.074137
0.222981
0.718586
0.479547
0.07265
0.224719
0.724414
0.486416
0.074855
0.218335
0.72149
0.499693
0.068688
0.223209
0.732486
0.504037
0.067962
0.225445
0.73708
0.513081
0.066255
0.22634
0.742345
0.521487
0.064464
0.226943
0.746865
0.526209
0.063903
0.228585
0.751157
0.530562
0.064596
0.231198
0.757551
0.535542
0.064866
0.233041
0.762789
0.544951
0.063149
0.233073
0.767139
0.552115
0.061745
0.233637
0.770923
0.559246
0.060523
0.234601
0.775189
0.565109
0.059746
0.235768
0.779203
0.574538
0.057564
0.235563
0.782534
0.579041
0.056953
0.23671
0.785831
0.586929
0.055308
0.236909
0.788931
0.592655
0.054331
0.237834
0.792263
0.600752
0.052693
0.238581
0.795974
0.604255
0.052964
0.240611
0.800303
0.612492
0.051698
0.241561
0.804458
0.61832
0.050863
0.242178
0.807344
0.620166
0.052027
0.245234
0.812672
0.62538
0.052165
0.246451
0.816331
0.628644
0.052807
0.247938
0.820106
0.636718
0.051493
0.247688
0.822515
0.6465
0.04937
0.247331
0.825131
0.653692
0.048331
0.247644
0.827893
0.668397
0.043952
0.246338
0.829004
0.674326
0.042967
0.246716
0.831239
0.681151
0.041634
0.247045
0.833153
0.686808
0.040717
0.247591
0.835209
0.697594
0.037796
0.24736
0.83642
0.698266
0.03948
0.251349
0.842336
0.701536
0.040381
0.252314
0.844434
0.705634
0.040456
0.252947
0.846521
0.711264
0.040268
0.253334
0.848786
0.717139
0.039931
0.253532
0.850741
0.724477
0.038948
0.25334
0.852231
0.725489
0.041055
0.255757
0.856974
0.730533
0.041281
0.256049
0.858358
0.730604
0.04726
0.257727
0.864929
0.735263
0.047821
0.258983
0.868261
0.746847
0.045269
0.2577
0.868225
0.750018
0.045821
0.258129
0.87008
0.752476
0.04655
0.259785
0.872766
0.755111
0.047252
0.261151
0.875251
0.762368
0.046433
0.260888
0.876196
0.766669
0.04682
0.261003
0.877495
0.770846
0.047089
0.261601
0.879163
0.778236
0.046284
0.261417
0.880073
0.785638
0.045555
0.260973
0.880549
0.791219
0.045187
0.261087
0.881187
0.796592
0.046892
0.259141
0.876438
0.810425
0.043451
0.25624
0.879064
0.812553
0.043439
0.258346
0.881153
0.820468
0.041656
0.259382
0.881053
0.827616
0.040286
0.259745
0.88087
0.831503
0.040062
0.260616
0.881452
0.836977
0.039637
0.261396
0.882245
0.840732
0.039954
0.262259
0.883028
0.844659
0.040096
0.263051
0.883783
0.850291
0.039766
0.26338
0.88389
0.856025
0.03938
0.263562
0.883737
0.863313
0.038503
0.263668
0.882935
0.865766
0.039262
0.264467
0.883963
0.869622
0.039654
0.26525
0.884571
0.876985
0.039163
0.265331
0.884011
0.880965
0.039639
0.265745
0.884072
0.8898
0.038458
0.265981
0.882533
0.898884
0.037293
0.266007
0.880621
0.903025
0.037841
0.2663
0.880493
0.903439
0.040266
0.267685
0.883451
0.906956
0.040964
0.268562
0.883328
0.911151
0.041497
0.268742
0.882989
0.915453
0.041806
0.26898
0.882502
0.919736
0.041908
0.269193
0.881808
0.925683
0.041648
0.269326
0.880439
0.928237
0.042436
0.269713
0.880583
0.928212
0.044582
0.271454
0.883426
0.931793
0.04559
0.27219
0.883056
0.934466
0.04638
0.272373
0.882926
0.94028
0.046191
0.272664
0.881276
0.949717
0.044991
0.272825
0.8779
0.954358
0.045425
0.27251
0.876475
0.956859
0.046123
0.272796
0.876149
0.965868
0.045257
0.273451
0.87282
0.972112
0.045377
0.273292
0.870398
0.977036
0.04761
0.273266
0.864406
0.987832
0.044891
0.272472
0.864031
0.996935
0.043688
0.273494
0.859827
0.9976
0.046278
0.273609
0.861278
0.999453
0.0473
0.274663
0.861073
1.008183
0.046503
0.276003
0.856777
1.012333
0.047724
0.27571
0.854688
1.019746
0.047736
0.276236
0.850687
1.025641
0.047988
0.276546
0.847392
1.02608
0.050981
0.276468
0.848688
1.024974
0.054689
0.277893
0.851336
1.030074
0.055425
0.27921
0.848884
1.032186
0.056626
0.279204
0.847526
1.036149
0.05712
0.27979
0.845229
1.043623
0.056941
0.280871
0.840642
1.045865
0.057799
0.280987
0.839104
1.04775
0.058682
0.281425
0.837697
1.044777
0.063142
0.28102
0.839857
1.044526
0.065918
0.280796
0.840733
1.048257
0.066823
0.281986
0.838632
1.048655
0.068558
0.282286
0.839126
1.057686
0.068085
0.284821
0.833812
1.058587
0.069419
0.28505
0.834046
1.060815
0.070699
0.285623
0.83261
1.066634
0.07143
0.286433
0.828675
1.064714
0.078782
0.283618
0.831014
1.066807
0.080304
0.283452
0.82921
1.074144
0.079832
0.285787
0.824316
1.073601
0.080935
0.285436
0.82488
1.070062
0.087092
0.28459
0.828109
1.083958
0.086028
0.289309
0.81901
1.084338
0.086859
0.28966
0.81884
1.088106
0.087361
0.291106
0.815687
1.094125
0.087639
0.292325
0.810784
1.099842
0.087708
0.293637
0.805958
1.104936
0.088399
0.294248
0.801834
1.110777
0.088659
0.295574
0.79648
1.116514
0.089125
0.296858
0.791036
1.122237
0.089708
0.298063
0.78535
1.127809
0.09038
0.299167
0.779425
1.131426
0.091425
0.299456
0.774594
1.132434
0.09225
0.299471
0.771334
1.135493
0.093132
0.300149
0.766495
1.140779
0.093955
0.301499
0.760244
1.146088
0.094884
0.302784
0.753825
1.149375
0.095924
0.303267
0.748555
1.159555
0.095787
0.30793
0.737527
1.168125
0.096021
0.311606
0.727522
1.168422
0.097025
0.310519
0.723255
1.172232
0.098584
0.311721
0.715224
1.17673
0.099726
0.313119
0.707525
1.179317
0.100739
0.313405
0.701417
1.185405
0.101362
0.316667
0.691912
1.185448
0.102301
0.31594
0.687467
1.185102
0.104355
0.314003
0.681792
1.188571
0.106393
0.314765
0.672368
1.190553
0.107262
0.315624
0.665912
1.194389
0.108045
0.318133
0.657752
1.193466
0.109075
0.317191
0.652853
1.196502
0.110925
0.318667
0.643685
1.195424
0.115613
0.314482
0.64032
1.193744
0.11817
0.310873
0.633249
1.196501
0.119112
0.313718
0.624382
1.196794
0.118974
0.314812
0.620545
1.202468
0.11861
0.320922
0.610526
1.204222
0.118383
0.323289
0.604261
1.207772
0.11861
0.326994
0.595552
1.207033
0.119802
0.325841
0.590117
1.211547
0.12132
0.329986
0.577982
1.21479
0.120833
0.333723
0.569008
1.218589
0.123438
0.338803
0.560771
1.218757
0.119435
0.340526
0.554512
1.218505
0.119344
0.341189
0.546504
1.218726
0.122023
0.339533
0.536333
1.218459
0.126529
0.335091
0.524155
1.218603
0.130209
0.333665
0.51927
1.22259
0.132986
0.338001
0.50681
1.213485
0.131703
0.330343
0.505202
1.213348
0.134278
0.330033
0.501111
1.212059
0.134126
0.326804
0.493585
1.211926
0.133961
0.329668
0.485722
1.211007
0.135017
0.329405
0.47983
1.209113
0.142522
0.323269
0.474949
1.205162
0.149894
0.314941
0.469473
1.203424
0.150919
0.315882
0.464531
1.207037
0.152506
0.323093
0.456941
1.211592
0.145427
0.335335
0.44848
1.20648
0.142658
0.333324
0.450908
1.205884
0.142406
0.334563
0.446143
1.199718
0.151031
0.328505
0.448318
1.201767
0.154468
0.330325
0.443357
1.206055
0.153165
0.336919
0.43567
1.208486
0.147455
0.344245
0.425708
1.210137
0.149274
0.348212
0.419363
1.208635
0.147154
0.347925
0.414014
1.206637
0.148358
0.347796
0.408073
1.208273
0.147128
0.354241
0.394549
1.204961
0.153745
0.34414
0.38648
1.199994
0.157778
0.338249
0.377584
1.196331
0.159034
0.336555
0.365142
1.193089
0.156839
0.339409
0.355759
1.188671
0.133092
0.365237
0.336647
1.182566
0.114472
0.382206
0.32108
1.174607
0.13909
0.362339
0.320229
1.17123
0.138079
0.361074
0.306338
1.168399
0.150268
0.352557
0.30151
1.165084
0.152506
0.349812
0.288804
1.15903
0.150621
0.352462
0.280352
1.153874
0.157765
0.344675
0.268201
1.144626
0.160957
0.337224
0.254135
1.137423
0.165363
0.333279
0.248693
1.137388
0.16931
0.337318
0.239032
1.131453
0.145821
0.356717
0.22398
1.116793
0.134084
0.355982
0.212999
1.107003
0.148158
0.339648
0.200405
1.093342
0.156134
0.32452
0.184307
1.087023
0.173165
0.314626
0.179819
1.079705
0.17625
0.309362
0.176313
1.050953
0.14592
0.31815
0.170321
1.055029
0.177594
0.303337
0.168539
1.043653
0.192813
0.295472
0.169567
1.035876
0.226888
0.274623
0.17503
1.025665
0.252392
0.260943
0.17916
1.017295
0.301336
0.230427
0.193549
1.001039
0.33981
0.214124
0.217921
0.997155
0.394846
0.199672
0.258076
0.981287
0.42393
0.219581
0.328147
0.97096
0.475811
0.236146
0.410097
0.956523
0.521215
0.277796
0.509123
0.945214
0.549836
0.301714
0.560505
0.932735
0.566189
0.319088
0.589476
0.922687
0.583817
0.321557
0.601325
0.916039
0.599556
0.317985
0.612159
0.902608
0.60654
0.322824
0.616577
0.896536
0.615951
0.323028
0.619688
0.882651
0.626768
0.324004
0.622303
0.865815
0.637445
0.322279
0.610387
0.838198
0.66023
0.306386
0.601042
0.82522
0.683733
0.293097
0.614743
0.816495
0.691972
0.297499
0.617032
0.79139
0.716184
0.325855
0.638232
0.786804
0.731196
0.383748
0.691256
0.785393
0.733719
0.40897
0.707919
0.775494
0.748384
0.503968
0.750609
0.77141
0.752263
0.537481
0.755886
0.767398
0.756264
0.619101
0.76745
0.767263
0.757205
0.694302
0.780086
0.765026
0.759874
0.707712
0.781502
0.763835
0.761682
0.715226
0.782855
0.763704
0.76175
0.716035
0.782852
0.763657
0.761791
0.716488
0.782875
0.763652
0.761803
0.71657
0.782885
0.763713
0.761819
0.717246
0.783053
0.76377
0.761745
0.717583
0.78315
0.763883
0.761583
0.71791
0.783162
0.763871
0.761554
0.717891
0.783097
0.76379
0.761503
0.717553
0.782844
0.763867
0.761391
0.71675
0.782745
0.76401
0.761288
0.71567
0.782756
0.763935
0.761367
0.714212
0.78257
0.763887
0.761451
0.713609
0.78248
0.76388
0.761475
0.712499
0.782386
0.763924
0.761431
0.711721
0.782327
0.763866
0.761445
0.711596
0.782233
0.763842
0.761451
0.711489
0.782168
0.764026
0.761244
0.71158
0.782235
0.764056
0.761132
0.712179
0.782199
0.764058
0.761077
0.71245
0.782191
0.76398
0.761176
0.713547
0.782295
0.76387
0.761415
0.714908
0.782595
0.76387
0.761415
0.714908
0.782595
