0.000079
0.000103
0.001078
0.000908
0.000056
0.000165
0.002049
0.001889
0.000069
0.000026
0.002304
0.002232
0.000152
0.000076
0.001793
0.001586
0.000173
0.00009
0.001851
0.001624
0.000299
0.000058
0.002365
0.002096
0.000192
0.000091
0.001865
0.001584
0.000198
0.000103
0.001824
0.001543
0.000418
0.000079
0.002761
0.002382
0.00051
0.000114
0.00389
0.003583
0.00031
0.000084
0.002502
0.002348
0.000255
0.00009
0.002281
0.001976
0.000316
0.000033
0.001975
0.001618
0.000441
0.000051
0.002515
0.002248
0.000286
0.000094
0.00205
0.001709
0.000295
0.000094
0.002066
0.001743
0.000295
0.000094
0.002068
0.001745
0.000332
0.000021
0.002557
0.002304
0.00034
0.000096
0.002145
0.001821
0.000323
0.000088
0.00208
0.001741
0.000322
0.00009
0.002125
0.001784
0.000325
0.000092
0.002162
0.001822
0.00092
0.000062
0.005187
0.004931
0.000418
0.000164
0.002293
0.002165
0.000378
0.000088
0.002263
0.001891
0.00122
0.000427
0.004576
0.002922
0.001687
0.000372
0.011147
0.010851
0.001439
0.001545
0.003968
0.001228
0.002698
0.000332
0.011316
0.010548
0.000546
0.000057
0.003264
0.002749
0.000714
0.000681
0.003159
0.003446
0.000801
0.000205
0.006567
0.006402
0.000707
0.000093
0.00304
0.002574
0.00068
0.000034
0.003331
0.002734
0.000855
0.000034
0.004144
0.003487
0.00074
0.00006
0.003832
0.003397
0.000732
0.000224
0.003648
0.003342
0.000894
0.00005
0.005389
0.004767
0.001623
0.000212
0.008907
0.008579
0.001837
0.001062
0.005969
0.003774
0.001424
0.000401
0.006666
0.006895
0.001387
0.001478
0.000459
0.000492
0.001757
0.000215
0.00543
0.005645
0.001133
0.000411
0.004007
0.004342
0.001306
0.001031
0.003975
0.00242
0.000845
0.00028
0.005416
0.004829
0.00162
0.000189
0.006515
0.005018
0.00262
0.000013
0.011896
0.009255
0.00215
0.000285
0.011191
0.010829
0.00106
0.000282
0.005166
0.004684
0.000987
0.000182
0.004879
0.00406
0.002033
0.000656
0.007859
0.003711
0.003276
0.000999
0.016431
0.014387
0.001286
0.000011
0.00555
0.004466
0.001917
0.000017
0.008237
0.004928
0.002205
0.000692
0.01242
0.010706
0.001178
0.00008
0.005751
0.004428
0.001305
0.000016
0.006759
0.004989
0.002325
0.000454
0.011139
0.008836
0.002512
0.000552
0.015117
0.012936
0.001156
0.000249
0.006672
0.005481
0.001204
0.000141
0.006138
0.004831
0.001238
0.000212
0.006259
0.005159
0.00123
0.000269
0.006132
0.005072
0.001781
0.000035
0.008376
0.006146
0.002107
0.000538
0.011917
0.010033
0.001502
0.000057
0.009897
0.008559
0.001238
0.000194
0.006926
0.00541
0.001325
0.000291
0.006882
0.005851
0.001247
0.00024
0.006758
0.005344
0.001265
0.000366
0.006717
0.005537
0.001284
0.000202
0.006809
0.00527
0.001406
0.000344
0.007657
0.00672
0.001306
0.000212
0.007066
0.005444
0.001315
0.00033
0.00703
0.005684
0.001315
0.000225
0.007132
0.005499
0.001318
0.000225
0.007117
0.005493
0.001452
0.000261
0.008237
0.006995
0.001336
0.000236
0.007337
0.005639
0.00173
0.000035
0.008767
0.006187
0.001339
0.0003
0.007389
0.0058
0.001577
0.000036
0.008613
0.006665
0.001406
0.000347
0.007399
0.006022
0.001669
0.000258
0.008684
0.006003
0.002196
0.000151
0.011427
0.00728
0.001365
0.00037
0.007876
0.006348
0.001441
0.000296
0.008517
0.006825
0.001404
0.00021
0.00795
0.005803
0.001477
0.000352
0.008168
0.006677
0.003021
0.000562
0.014046
0.007054
0.001433
0.000382
0.008201
0.006405
0.001453
0.000314
0.00835
0.006309
0.001614
0.000153
0.010375
0.008287
0.00147
0.000303
0.008502
0.006277
0.001473
0.000368
0.008661
0.006655
0.001535
0.000264
0.010016
0.007845
0.001386
0.000129
0.007852
0.005009
0.001448
0.000329
0.00943
0.006723
0.001526
0.000322
0.009612
0.007219
0.001534
0.000352
0.009656
0.007209
0.002205
0.000142
0.011981
0.006585
0.003937
0.002322
0.019453
0.011689
0.001375
0.000537
0.009036
0.006004
0.001552
0.000346
0.0107
0.007767
0.00141
0.000347
0.00991
0.006389
0.00145
0.000547
0.010465
0.00765
0.001503
0.000525
0.010374
0.007387
0.001586
0.000339
0.0116
0.008143
0.001573
0.000225
0.011164
0.006871
0.002324
0.000329
0.013709
0.006833
0.001705
0.000466
0.011424
0.00849
0.001647
0.000431
0.011899
0.008243
0.001362
0.00054
0.010578
0.006425
0.002369
0.000468
0.013459
0.00794
0.001707
0.000595
0.01189
0.008758
0.0016
0.000517
0.012641
0.008459
0.00163
0.000283
0.012349
0.007184
0.001764
0.000547
0.013053
0.009677
0.001708
0.000512
0.012377
0.008272
0.001612
0.000588
0.011742
0.00767
0.001714
0.000497
0.013415
0.00901
0.00162
0.000562
0.012743
0.008075
0.001657
0.000536
0.0123
0.007776
0.001689
0.000499
0.012634
0.007777
0.001853
0.000493
0.014461
0.010202
0.001566
0.000711
0.012652
0.008159
0.001783
0.00061
0.013645
0.0089
0.001723
0.000572
0.013447
0.008455
0.001799
0.000502
0.01585
0.010483
0.001764
0.000616
0.013663
0.008638
0.001786
0.000624
0.014025
0.009254
0.00174
0.000561
0.012788
0.007311
0.001747
0.000534
0.014533
0.008435
0.001872
0.000692
0.013925
0.009498
0.001816
0.000719
0.014514
0.009446
0.001693
0.000654
0.014895
0.008727
0.00188
0.000594
0.01455
0.008926
0.001711
0.000903
0.014051
0.009636
0.001827
0.000763
0.014007
0.009251
0.002141
0.000292
0.017294
0.010169
0.001829
0.000808
0.014416
0.00978
0.003119
0.000776
0.017953
0.008463
0.001893
0.000853
0.015016
0.010581
0.001865
0.000732
0.015503
0.009901
0.001857
0.000725
0.014202
0.00859
0.001809
0.00086
0.014561
0.009427
0.001929
0.0007
0.01645
0.010123
0.001878
0.00088
0.015619
0.010631
0.002243
0.000384
0.017089
0.009742
0.001835
0.000921
0.015187
0.010011
0.002037
0.000689
0.015967
0.009839
0.001931
0.000836
0.01602
0.010408
0.002016
0.00072
0.015739
0.009765
0.002126
0.000604
0.016511
0.009747
0.001937
0.000843
0.015346
0.009761
0.002404
0.000324
0.017644
0.009869
0.001953
0.000907
0.015902
0.010639
0.002197
0.000545
0.016571
0.009253
0.001937
0.000902
0.015737
0.010082
0.002007
0.000807
0.015994
0.009832
0.002148
0.000691
0.01683
0.010239
0.002698
0.000017
0.01884
0.009868
0.001991
0.000922
0.016723
0.010984
0.002382
0.000467
0.017576
0.009846
0.002002
0.000921
0.016581
0.010679
0.002071
0.000793
0.016293
0.009662
0.002535
0.000151
0.017966
0.008066
0.002825
0.000125
0.018267
0.008667
0.003196
0.000622
0.020473
0.007628
0.003536
0.000908
0.021725
0.008794
0.002123
0.001012
0.018686
0.013574
0.002267
0.000698
0.018303
0.011036
0.002649
0.000087
0.017927
0.008274
0.001992
0.000904
0.015087
0.008115
0.002388
0.000346
0.018113
0.008079
0.002427
0.000418
0.017951
0.009721
0.002146
0.000963
0.019449
0.013271
0.001885
0.001181
0.017609
0.0117
0.002011
0.000927
0.016742
0.009442
0.002376
0.00064
0.01863
0.010656
0.002347
0.000637
0.019716
0.011488
0.002501
0.000397
0.020776
0.011232
0.002005
0.001086
0.01718
0.010983
0.002045
0.000946
0.017548
0.01016
0.00247
0.000585
0.017187
0.009419
0.002413
0.000469
0.020743
0.010087
0.002304
0.000637
0.021201
0.011973
0.002326
0.000639
0.021844
0.012672
0.002575
0.000314
0.0228
0.011803
0.002633
0.000357
0.021675
0.011892
0.002402
0.000728
0.019476
0.011634
0.002461
0.000545
0.019364
0.010018
0.002044
0.00104
0.017248
0.01011
0.002184
0.000843
0.017749
0.009528
0.002521
0.000424
0.018725
0.008636
0.002431
0.000727
0.019835
0.011554
0.002222
0.000935
0.020212
0.012583
0.002118
0.000916
0.019662
0.011094
0.002294
0.000837
0.017542
0.009382
0.00239
0.000701
0.020062
0.011066
0.002024
0.001184
0.017695
0.01092
0.002215
0.000846
0.018101
0.009194
0.002153
0.000998
0.018937
0.010874
0.002299
0.000887
0.019283
0.011175
0.002347
0.000816
0.018643
0.010264
0.002093
0.00106
0.017947
0.010236
0.00247
0.000538
0.017772
0.007349
0.002619
0.000447
0.016608
0.007099
0.002419
0.000697
0.016853
0.007809
0.002219
0.000979
0.01792
0.009895
0.002136
0.001074
0.01864
0.011018
0.002291
0.000809
0.019602
0.010072
0.00229
0.000842
0.019127
0.010185
0.002406
0.000745
0.018706
0.009652
0.002225
0.000996
0.018542
0.010489
0.002302
0.000911
0.018296
0.009856
0.002095
0.001112
0.019177
0.010635
0.002044
0.001189
0.017931
0.010286
0.002044
0.001179
0.017919
0.010222
0.00208
0.00113
0.017736
0.009873
0.002705
0.000545
0.018953
0.008945
0.002487
0.000798
0.020814
0.011576
0.00225
0.001021
0.021771
0.012816
0.002282
0.00092
0.017636
0.009028
0.002233
0.00093
0.018477
0.008996
0.002176
0.001001
0.018817
0.009585
0.002108
0.001155
0.018971
0.01075
0.002103
0.001133
0.017936
0.009819
0.002586
0.000461
0.020292
0.006929
0.002814
0.000319
0.019446
0.00736
0.002447
0.000852
0.023786
0.012594
0.002212
0.001045
0.025044
0.014052
0.002164
0.001104
0.018378
0.009455
0.002359
0.000933
0.018499
0.008854
0.002392
0.000893
0.019579
0.009286
0.002293
0.001026
0.018926
0.009541
0.002089
0.001224
0.018068
0.009509
0.002089
0.001222
0.018031
0.009456
0.002095
0.001214
0.017993
0.009398
0.002104
0.001205
0.017914
0.00931
0.0024
0.000919
0.018444
0.008525
0.002401
0.000899
0.019395
0.008642
0.002303
0.001017
0.018923
0.009051
0.00226
0.001069
0.018595
0.009
0.002286
0.001015
0.019014
0.008508
0.002869
0.000479
0.017647
0.005259
0.002582
0.000805
0.019554
0.008228
0.002132
0.001255
0.022506
0.011767
0.002211
0.001138
0.017997
0.008151
0.002142
0.001202
0.017936
0.008217
0.002096
0.001275
0.017811
0.008674
0.00209
0.001283
0.017943
0.008803
0.002224
0.001158
0.018138
0.008314
0.002109
0.001271
0.018687
0.009058
0.002112
0.001264
0.018364
0.008789
0.002147
0.001228
0.017856
0.008331
0.002116
0.001262
0.017965
0.008548
0.002104
0.001278
0.018012
0.00868
0.002104
0.001277
0.017952
0.008645
0.002103
0.001278
0.017934
0.008622
0.002105
0.001276
0.017936
0.008628
0.002105
0.001277
0.017949
0.00864
0.002103
0.001278
0.017965
0.008648
0.002107
0.001274
0.017938
0.008619
0.002107
0.001274
0.017936
0.008616
0.002106
0.001276
0.017954
0.008639
0.002106
0.001276
0.017954
0.008639
