0.000078
0.000093
0.000935
0.000768
0.000038
0.000061
0.000783
0.000711
0.000013
0.000124
0.001727
0.001632
0.000018
0.000091
0.001604
0.001389
0.000049
0.000089
0.00155
0.001248
0.000084
0.000076
0.001661
0.001435
0.000118
0.000075
0.001801
0.001581
0.000153
0.00007
0.001856
0.001622
0.000155
0.000098
0.00176
0.001511
0.000169
0.000022
0.001617
0.001192
0.000171
0.00007
0.001861
0.001608
0.000196
0.000083
0.001924
0.001659
0.000403
0.000051
0.00265
0.00224
0.00023
0.000041
0.001987
0.00168
0.000251
0.000077
0.002116
0.001833
0.000271
0.000082
0.00211
0.001832
0.000299
0.000045
0.002248
0.002009
0.000402
0.00009
0.002848
0.00249
0.000374
0.000067
0.002446
0.002157
0.0003
0.000094
0.002079
0.001758
0.000295
0.000093
0.002065
0.001743
0.000588
0.000078
0.002826
0.002124
0.000391
0.000011
0.002968
0.002651
0.00035
0.000087
0.002241
0.00189
0.000347
0.000089
0.002222
0.001865
0.00041
0.000012
0.002602
0.002393
0.000366
0.000049
0.002484
0.002169
0.000415
0.000013
0.002514
0.002228
0.000705
0.00014
0.004538
0.00425
0.000646
0.00028
0.002726
0.001918
0.000454
0.000053
0.002796
0.002419
0.000451
0.000071
0.002601
0.002179
0.000457
0.000073
0.002545
0.002141
0.000453
0.000076
0.002523
0.002107
0.000472
0.000032
0.002628
0.002266
0.000729
0.000079
0.004053
0.003689
0.000487
0.000059
0.002635
0.002231
0.000487
0.00007
0.002586
0.002149
0.000485
0.000071
0.002609
0.002169
0.000486
0.000072
0.002632
0.002193
0.00068
0.00032
0.002431
0.001177
0.001207
0.000127
0.00579
0.005119
0.000535
0.000282
0.003197
0.002896
0.000555
0.000022
0.003638
0.003217
0.000936
0.000103
0.00435
0.003458
0.001479
0.00014
0.00796
0.007569
0.000651
0.000072
0.003245
0.002618
0.000805
0.000072
0.004216
0.003549
0.000676
0.000031
0.00353
0.003029
0.000657
5.9261e-6
0.003263
0.002778
0.000666
0.000061
0.003828
0.003404
0.00066
0.000041
0.003236
0.002644
0.000687
0.000185
0.003749
0.003466
0.000855
0.000011
0.005144
0.004519
0.000767
0.000155
0.004075
0.003758
0.001092
0.000079
0.006277
0.00551
0.001297
0.000163
0.007492
0.006857
0.001165
0.000193
0.006434
0.005466
0.001534
0.000887
0.006509
0.00409
0.002774
0.00052
0.014618
0.014748
0.000973
0.0011
0.002985
0.002962
0.001086
0.000313
0.006515
0.006548
0.001256
0.001364
0.004119
0.00146
0.00086
0.000113
0.004305
0.003518
0.002329
0.000665
0.012192
0.011618
0.001011
0.000545
0.004831
0.0048
0.001005
0.000126
0.005499
0.004899
0.000985
0.000356
0.004847
0.004434
0.000975
0.000039
0.004835
0.003901
0.001994
0.000334
0.009307
0.007691
0.002253
0.000578
0.014404
0.013482
0.00155
0.000352
0.00847
0.007577
0.00191
0.001371
0.006167
0.002648
0.002872
0.000015
0.010302
0.008619
0.001135
0.000166
0.006208
0.005252
0.001192
0.000206
0.006176
0.005181
0.001133
0.000142
0.005978
0.004696
0.001226
0.00043
0.006054
0.005482
0.001503
0.000321
0.007026
0.005471
0.002445
0.000371
0.012054
0.009125
0.001245
0.000288
0.00708
0.006084
0.001199
0.000236
0.006452
0.005159
0.00122
0.00019
0.006434
0.005098
0.002507
0.000638
0.01073
0.00325
0.001336
0.000296
0.007389
0.006385
0.002905
0.00117
0.014577
0.011438
0.001337
0.000229
0.007068
0.00559
0.001337
0.000366
0.007283
0.00606
0.001853
0.000098
0.009082
0.006276
0.001354
0.000274
0.007484
0.005922
0.001319
0.000511
0.007467
0.006223
0.001835
0.000015
0.009471
0.007174
0.001678
0.000148
0.010114
0.00828
0.001434
0.000324
0.008283
0.00651
0.001412
0.000307
0.008048
0.00614
0.001488
0.000333
0.00899
0.00734
0.001444
0.000354
0.00833
0.006536
0.001433
0.000336
0.00834
0.006339
0.001405
0.000417
0.008437
0.006529
0.001438
0.000383
0.008567
0.006551
0.001626
0.000252
0.009188
0.006492
0.001442
0.000417
0.00863
0.006572
0.001458
0.000386
0.008751
0.006585
0.002136
0.000186
0.011184
0.007271
0.002191
0.000534
0.013108
0.009594
0.003233
0.001064
0.017829
0.008191
0.003735
0.002178
0.020442
0.013426
0.002598
0.001267
0.021869
0.014678
0.002263
0.000641
0.016388
0.010979
0.001506
0.000382
0.009317
0.006506
0.001508
0.000473
0.00982
0.007321
0.001989
0.000026
0.011303
0.007431
0.002973
0.001033
0.015754
0.008603
0.004132
0.002348
0.022672
0.0098
0.001613
0.000416
0.009238
0.006387
0.001464
0.000595
0.010267
0.007377
0.001526
0.000521
0.010383
0.00733
0.003276
0.001197
0.016317
0.00664
0.003602
0.002286
0.02077
0.012751
0.001765
0.000373
0.010185
0.006987
0.00231
0.00021
0.012934
0.007112
0.001657
0.00052
0.010682
0.007484
0.001593
0.000564
0.011091
0.007757
0.001462
0.000615
0.011009
0.007342
0.002414
0.000292
0.013132
0.007286
0.003694
0.001812
0.018604
0.00844
0.001647
0.000581
0.010501
0.006941
0.002086
0.000116
0.012325
0.006633
0.001683
0.000599
0.011533
0.008044
0.001666
0.000558
0.012189
0.008378
0.001358
0.000754
0.010886
0.00643
0.001641
0.00058
0.011727
0.007506
0.001761
0.00034
0.015497
0.010153
0.001769
0.000607
0.011641
0.007714
0.002038
0.00026
0.012839
0.007807
0.001833
0.00035
0.014509
0.009597
0.001537
0.000736
0.012422
0.008088
0.002338
0.000046
0.013604
0.008048
0.001927
0.000305
0.01416
0.008863
0.00348
0.001567
0.021116
0.005082
0.004708
0.002933
0.023099
0.011233
0.0045
0.002828
0.027693
0.010652
0.001931
0.000625
0.012047
0.007705
0.002356
0.000158
0.018341
0.011756
0.002162
0.000285
0.016758
0.01059
0.003241
0.000916
0.019134
0.008848
0.003471
0.001257
0.020056
0.009394
0.003385
0.001345
0.021195
0.008898
0.001744
0.000851
0.012557
0.008333
0.00199
0.000549
0.013631
0.008219
0.002009
0.000451
0.018052
0.011063
0.001795
0.000837
0.014162
0.009565
0.002096
0.000405
0.016594
0.00984
0.001833
0.000814
0.014454
0.009691
0.002966
0.000694
0.019489
0.005667
0.003647
0.001394
0.019475
0.007726
0.001952
0.000836
0.015716
0.011226
0.002024
0.000815
0.016206
0.011608
0.001816
0.000862
0.014625
0.009421
0.002181
0.000447
0.015098
0.008917
0.0036
0.001363
0.020367
0.006799
0.001968
0.000781
0.017695
0.011334
0.00318
0.000789
0.021932
0.010067
0.0018
0.001
0.015374
0.0104
0.001879
0.000899
0.015068
0.00985
0.003733
0.001432
0.020282
0.006238
0.002097
0.000764
0.017746
0.012296
0.001923
0.000905
0.015472
0.010026
0.002424
0.000388
0.01893
0.011041
0.001887
0.000963
0.015868
0.010392
0.002077
0.000761
0.015969
0.009903
0.002919
0.000047
0.02106
0.0115
0.001746
0.001255
0.015937
0.010858
0.002523
0.000372
0.017211
0.009546
0.001994
0.00092
0.016588
0.010573
0.002805
0.000137
0.019184
0.010424
0.001793
0.001222
0.016448
0.011092
0.001801
0.001134
0.016498
0.010719
0.002409
0.000557
0.017241
0.010022
0.002094
0.000862
0.016967
0.01058
0.002324
0.000597
0.015716
0.008163
0.002003
0.000945
0.016617
0.01011
0.002579
0.000387
0.01827
0.009924
0.002003
0.001019
0.016694
0.010538
0.002269
0.000731
0.017416
0.010234
0.002422
0.000653
0.019409
0.011873
0.001754
0.001269
0.017221
0.011107
0.002635
0.000434
0.017993
0.009983
0.002151
0.000869
0.018928
0.011596
0.002114
0.000902
0.016854
0.009833
0.002581
0.000502
0.01893
0.010658
0.00212
0.000957
0.016896
0.010161
0.002359
0.000679
0.017856
0.009819
0.002175
0.000902
0.017967
0.010833
0.002705
0.000419
0.018205
0.009053
0.002149
0.001013
0.019743
0.012865
0.002306
0.000768
0.016
0.007886
0.002057
0.001041
0.017344
0.010134
0.002064
0.001035
0.017347
0.010143
0.002684
0.000456
0.018879
0.009724
0.002109
0.001019
0.018925
0.011171
0.002044
0.001053
0.017941
0.010294
0.002471
0.000553
0.018236
0.008739
0.002608
0.000602
0.020003
0.011079
0.002246
0.000901
0.017582
0.009766
0.002102
0.001042
0.017492
0.009921
0.003092
0.000176
0.020222
0.009855
0.002097
0.001077
0.020831
0.01213
0.002309
0.000833
0.017391
0.008825
0.002688
0.000515
0.019541
0.009548
0.002201
0.001004
0.020103
0.011547
0.002743
0.000252
0.019029
0.006402
0.002826
0.000389
0.019677
0.008281
0.002171
0.00112
0.021132
0.012654
0.002054
0.001142
0.018098
0.009135
0.002088
0.001162
0.017924
0.009752
0.002334
0.0008
0.019563
0.008007
0.002514
0.000689
0.018837
0.008364
0.003303
0.000012
0.020589
0.006825
0.002943
0.000407
0.023187
0.011287
0.002208
0.001077
0.019364
0.009566
0.002361
0.000836
0.018628
0.007531
0.002108
0.001108
0.020303
0.009317
0.002274
0.00111
0.019719
0.010412
0.002112
0.001217
0.017974
0.008918
0.00242
0.000931
0.018395
0.008026
0.002087
0.001264
0.01986
0.01013
0.002088
0.001257
0.019234
0.009567
0.002107
0.001246
0.017912
0.008825
0.002104
0.00125
0.017977
0.008943
0.002106
0.001248
0.017967
0.008929
0.002236
0.001127
0.018214
0.008543
0.002112
0.00125
0.018748
0.009301
0.002112
0.001244
0.017983
0.008742
0.00252
0.000872
0.018591
0.007358
0.002282
0.001103
0.020065
0.008842
0.002273
0.001123
0.017462
0.007379
0.002103
0.001301
0.017911
0.008421
0.002103
0.0013
0.017878
0.008381
0.002231
0.001179
0.0181
0.007823
0.002312
0.001098
0.018664
0.00729
0.00227
0.001155
0.018504
0.00782
0.002253
0.001174
0.018405
0.007419
0.002111
0.001333
0.01816
0.008162
0.002099
0.001343
0.017802
0.007949
0.002104
0.001337
0.017776
0.007903
0.002111
0.001331
0.017785
0.007884
0.002113
0.001329
0.017816
0.007896
0.002112
0.00133
0.017826
0.007904
0.00211
0.001331
0.01781
0.007897
0.002107
0.001335
0.017808
0.007917
0.002107
0.001335
0.017804
0.007915
0.002105
0.001336
0.017786
0.007911
0.002105
0.001335
0.01778
0.007897
0.002109
0.001332
0.017798
0.007895
0.002112
0.001329
0.01781
0.007892
0.002111
0.001331
0.017805
0.007897
0.002108
0.001334
0.017793
0.0079
0.002107
0.001334
0.017775
0.007893
0.002104
0.001337
0.017815
0.007928
0.002108
0.001333
0.017797
0.007904
0.002111
0.00133
0.017802
0.007894
0.002112
0.00133
0.017813
0.007902
0.002107
0.001335
0.017829
0.007927
0.002109
0.001333
0.017771
0.007882
0.002109
0.001333
0.017771
0.007882
