0.000425
0.000582
0.002988
0.002414
0.000335
0.000675
0.003955
0.003357
0.000079
0.000395
0.004255
0.003964
0.000025
0.000247
0.004263
0.003979
0.000207
0.000255
0.005789
0.005763
0.000815
0.000442
0.004966
0.004885
0.001934
0.001324
0.015261
0.016422
0.001629
0.000482
0.005054
0.005265
0.002327
0.000082
0.010397
0.011213
0.002419
0.000315
0.006756
0.007754
0.002671
0.000471
0.00758
0.006446
0.009082
0.002756
0.010665
0.017125
0.00245
0.000258
0.011313
0.012176
0.006304
0.001497
0.013739
0.013873
0.002321
0.001515
0.014572
0.015643
0.003868
0.00032
0.016096
0.016828
0.004
0.000132
0.015921
0.017101
0.006127
0.001102
0.016414
0.016688
0.012675
0.000042
0.019585
0.023604
0.013571
0.005058
0.020248
0.031211
0.004393
0.001962
0.016467
0.019045
0.005698
0.000968
0.013207
0.015882
0.005146
0.000241
0.017496
0.018515
0.005414
0.001583
0.014223
0.016924
0.006895
0.001599
0.02592
0.026588
0.007014
0.001605
0.027314
0.026065
0.004545
0.001669
0.026403
0.027615
0.007207
0.000268
0.024881
0.026907
0.007852
0.000057
0.027698
0.029712
0.00931
0.003803
0.032108
0.028279
0.005789
0.000375
0.037718
0.036619
0.006015
0.005022
0.024318
0.028863
0.008588
0.001845
0.027131
0.027406
0.008422
0.000784
0.025656
0.028181
0.008581
0.002879
0.028855
0.024306
0.008636
0.003126
0.03329
0.031187
0.008248
0.000408
0.032397
0.033326
0.014403
0.006185
0.035834
0.034519
0.018065
0.014375
0.043427
0.034816
0.02044
0.017213
0.046186
0.039847
0.00462
0.002957
0.034299
0.033327
0.008011
0.005009
0.039987
0.028043
0.015213
0.016669
0.048047
0.027006
0.025061
0.021889
0.046638
0.03924
0.016186
0.022763
0.058419
0.030452
0.019743
0.03396
0.073767
0.027118
0.032084
0.044239
0.080262
0.039816
0.00362
0.013587
0.053349
0.051213
0.010028
0.001554
0.046282
0.045163
0.010853
0.001888
0.04538
0.040697
0.013639
0.01038
0.051994
0.030924
0.022008
0.015671
0.04677
0.03548
0.018065
0.013933
0.048896
0.034478
0.011675
0.006088
0.04623
0.034344
0.007976
0.003777
0.037584
0.035935
0.010711
0.001962
0.042194
0.033202
0.008686
0.002135
0.041205
0.036457
0.008258
0.000948
0.047987
0.034548
0.007353
0.005029
0.043071
0.040471
0.012366
0.000108
0.041785
0.037579
0.009016
0.002963
0.038862
0.036475
0.012264
0.004114
0.04539
0.030947
0.017479
0.013866
0.054985
0.026353
0.023606
0.023044
0.063121
0.023904
0.032189
0.026463
0.060969
0.03419
0.010536
0.002811
0.058565
0.053898
0.01371
0.004788
0.066656
0.045395
0.020695
0.019016
0.082807
0.033886
0.028164
0.025414
0.082402
0.037504
0.033084
0.029222
0.083272
0.038912
0.033284
0.027001
0.080711
0.038999
0.029581
0.021759
0.078648
0.0378
0.013459
0.002759
0.061554
0.055442
0.007243
0.005613
0.069905
0.053645
0.009451
0.001164
0.074735
0.053094
0.013429
0.003602
0.075861
0.046602
0.019376
0.006654
0.066041
0.044598
0.021663
0.006959
0.056804
0.03762
0.009573
0.005011
0.045896
0.035919
0.013119
0.001262
0.042709
0.026942
0.012144
0.002389
0.050298
0.034864
0.009547
0.005329
0.050837
0.039288
0.013361
0.001567
0.051484
0.035638
0.013388
0.000613
0.055354
0.034059
0.014873
0.002138
0.06093
0.032602
0.01316
0.002826
0.056706
0.04253
0.011885
0.00263
0.063327
0.041591
0.011056
0.003123
0.065817
0.045219
0.009638
0.005393
0.064277
0.047441
0.010366
0.005646
0.056406
0.042574
0.012609
0.002805
0.052615
0.032403
0.014054
0.000035
0.058203
0.024128
0.018295
0.004727
0.063821
0.018804
0.020846
0.007788
0.071707
0.012209
0.019825
0.003147
0.075381
0.023564
0.018815
0.002057
0.084247
0.034181
0.016528
0.000051
0.099585
0.030879
0.010904
0.006893
0.085902
0.040118
0.004739
0.001815
0.087395
0.002331
0.000698
0.002849
0.070586
0.013048
0.000549
0.001566
0.055587
0.02567
0.000548
0.000944
0.045404
0.033512
0.00096
0.000463
0.041921
0.037567
0.0004
0.000184
0.044827
0.036047
0.000637
0.000961
0.049423
0.030233
0.001233
0.001319
0.051807
0.027589
0.003239
0.002469
0.061144
0.018524
0.004014
0.002846
0.067409
0.013967
0.004046
0.00286
0.068059
0.013584
0.004041
0.002853
0.068051
0.013598
0.004008
0.002839
0.067947
0.013697
0.003965
0.002809
0.06772
0.013904
0.003941
0.002793
0.067586
0.014019
0.003932
0.00279
0.067536
0.014059
0.003932
0.00279
0.067536
0.014059
