0.000385
0.000484
0.002751
0.002253
0.000111
0.000907
0.003181
0.002523
0.000939
0.000388
0.008723
0.008631
0.003752
0.002819
0.017584
0.020689
0.000054
0.001952
0.01041
0.010877
0.001938
0.000702
0.009697
0.01093
0.003318
0.000333
0.009634
0.010353
0.004271
0.001603
0.008676
0.011695
0.00145
0.000195
0.009326
0.009504
0.002004
0.000219
0.008368
0.008755
0.002252
0.000314
0.009256
0.009697
0.00304
0.000026
0.016819
0.017625
0.007056
0.001876
0.013612
0.017566
0.009015
0.00385
0.015328
0.020817
0.009957
0.003544
0.020481
0.024465
0.014891
0.003615
0.026597
0.034462
0.004753
0.000239
0.015211
0.016253
0.010144
0.000617
0.017465
0.019784
0.003451
0.002076
0.016434
0.018075
0.005095
0.000224
0.017075
0.018337
0.005165
0.000041
0.018895
0.020287
0.005514
0.000402
0.017998
0.019848
0.005014
0.000988
0.018859
0.01716
0.011703
0.001406
0.020737
0.022378
0.015655
0.001574
0.02467
0.028915
0.016958
0.002081
0.026341
0.037843
0.010478
0.00161
0.025022
0.026933
0.011871
0.00042
0.025525
0.02633
0.012505
0.002539
0.019297
0.028415
0.00959
0.000046
0.019347
0.020147
0.006132
0.00048
0.018668
0.019728
0.011982
0.003946
0.02462
0.026637
0.009168
0.001381
0.021661
0.026106
0.006399
0.000898
0.020173
0.021382
0.008967
0.005855
0.027569
0.019247
0.014833
0.013299
0.035457
0.022814
0.004406
0.00056
0.037134
0.033516
0.007286
0.000361
0.036819
0.032938
0.009218
0.001435
0.039094
0.038339
0.008267
0.003926
0.027142
0.032014
0.007603
0.000309
0.02773
0.027684
0.007213
0.002228
0.024104
0.025773
0.013683
0.013035
0.037931
0.021392
0.004504
0.002132
0.035662
0.03242
0.008184
0.001059
0.03312
0.033119
0.012556
0.002676
0.033303
0.033826
0.010969
0.003676
0.037252
0.03495
0.007603
0.005382
0.043717
0.029902
0.012592
0.007876
0.043734
0.035151
0.014438
0.013841
0.050759
0.033367
0.0178
0.017762
0.053829
0.035167
0.020237
0.027304
0.065678
0.030358
0.00254
0.007395
0.047987
0.04495
0.013615
0.002064
0.041992
0.040213
0.010659
0.001835
0.033564
0.034868
0.007277
0.002489
0.036279
0.032464
0.009054
0.004927
0.044947
0.025115
0.009362
0.001538
0.04377
0.034538
0.00998
0.005016
0.052144
0.034614
0.017988
0.016425
0.062658
0.037653
0.020528
0.020196
0.068651
0.038542
0.023603
0.016257
0.064045
0.047851
0.012035
0.008411
0.073487
0.044909
0.00997
0.009293
0.086471
0.048737
0.005701
0.009045
0.066606
0.065041
0.01201
0.00325
0.072817
0.053773
0.021611
0.0163
0.075984
0.046414
0.025254
0.020352
0.075404
0.038993
0.026747
0.019803
0.069446
0.037398
0.029064
0.019592
0.061889
0.034413
0.027012
0.018896
0.062676
0.027771
0.02506
0.018411
0.064286
0.022097
0.010566
0.003734
0.04668
0.038518
0.011677
0.002567
0.050929
0.039789
0.009816
0.004957
0.05164
0.04433
0.012092
0.00043
0.056277
0.037559
0.015833
0.005112
0.061276
0.03341
0.020818
0.011801
0.06892
0.027749
0.013212
0.002333
0.063996
0.050233
0.011294
0.004326
0.055385
0.0453
0.01339
0.000739
0.05838
0.032105
0.017297
0.006257
0.06103
0.022134
0.019774
0.008564
0.059189
0.017261
0.014378
0.00156
0.053184
0.036128
0.014238
0.00171
0.053617
0.03679
0.010739
0.005281
0.059441
0.045196
0.013394
0.002329
0.05904
0.038426
0.009877
0.005884
0.051142
0.035383
0.014273
0.000673
0.059003
0.022378
0.01608
0.000225
0.052167
0.023435
0.011081
0.004631
0.063506
0.036419
0.010518
0.003895
0.076533
0.036778
0.011181
0.005586
0.077278
0.045849
0.00954
0.006869
0.078236
0.043843
0.009594
0.007362
0.068478
0.036747
0.0101
0.007294
0.058195
0.029087
0.009538
0.007727
0.059811
0.02951
0.010107
0.007278
0.061271
0.028194
0.010112
0.007313
0.061417
0.028511
0.010032
0.007393
0.061657
0.028863
0.012411
0.005402
0.072327
0.022406
0.012268
0.005555
0.072951
0.022074
0.000592
0.002031
0.075481
0.006088
0.000128
0.001523
0.068947
0.011056
0.001561
0.000092
0.053289
0.019086
0.001968
0.000562
0.053836
0.019522
0.002777
0.001306
0.056742
0.01613
0.003305
0.001683
0.058212
0.01449
0.003288
0.001683
0.058026
0.014622
0.003256
0.001665
0.057812
0.014791
0.003232
0.001647
0.057685
0.014905
0.003223
0.00164
0.057649
0.014941
0.00321
0.001632
0.05761
0.01498
0.003223
0.001639
0.057691
0.014916
0.003239
0.001651
0.057799
0.014823
0.003251
0.001658
0.057849
0.014783
0.003255
0.00166
0.057865
0.014766
0.003262
0.001667
0.057892
0.014734
0.003256
0.001663
0.05783
0.014789
0.003238
0.001653
0.057733
0.014864
0.003227
0.001643
0.057685
0.014914
0.003219
0.001638
0.057676
0.014931
0.003222
0.001639
0.057699
0.01491
0.00323
0.001645
0.057756
0.01487
0.003233
0.001647
0.057772
0.014855
0.003247
0.001656
0.057818
0.014812
0.003247
0.001656
0.057818
0.014812
