0.000158
0.000232
0.001702
0.001472
0.000175
0.000194
0.00318
0.003004
0.000879
0.000142
0.005646
0.005644
0.000353
0.000251
0.002139
0.00196
0.000439
0.000379
0.003604
0.003655
0.000853
0.000252
0.003125
0.003059
0.000819
0.000075
0.003172
0.003154
0.000857
0.000162
0.003504
0.003405
0.000955
0.000313
0.004671
0.004767
0.00118
0.000212
0.003679
0.003661
0.00127
0.000179
0.005232
0.005382
0.001169
0.000044
0.004149
0.004108
0.002923
0.000039
0.00544
0.00654
0.003058
0.000174
0.007427
0.007027
0.00458
0.000553
0.011075
0.010887
0.007236
0.003361
0.014078
0.020084
0.002342
0.003084
0.006548
0.009323
0.001729
0.000421
0.00551
0.005628
0.003432
0.00085
0.00673
0.007123
0.00217
0.000702
0.010032
0.010427
0.001896
0.000171
0.006434
0.006375
0.003141
0.001028
0.008344
0.00609
0.005221
0.001298
0.011478
0.009336
0.007936
0.002053
0.012751
0.018871
0.003735
0.002965
0.008295
0.010638
0.003949
0.001102
0.010293
0.010818
0.002529
0.00025
0.006453
0.006329
0.005158
0.002621
0.012135
0.007337
0.008764
0.001367
0.014975
0.017945
0.002131
0.000988
0.007992
0.007725
0.002511
0.000198
0.011549
0.010413
0.004162
0.002938
0.015447
0.008106
0.007689
0.005519
0.020402
0.010807
0.001625
0.001645
0.016986
0.015747
0.004971
0.000207
0.013104
0.011891
0.003075
0.000617
0.009738
0.009439
0.003294
0.00002
0.013704
0.012781
0.003816
0.001705
0.015758
0.010181
0.003207
0.000545
0.01598
0.014853
0.004624
0.003222
0.019643
0.01111
0.002652
0.001071
0.014955
0.013474
0.003681
0.000083
0.016487
0.015075
0.007992
0.004371
0.018722
0.015337
0.003017
0.001474
0.013275
0.012432
0.005832
0.002543
0.016739
0.011785
0.003185
0.001248
0.014629
0.013424
0.008625
0.008448
0.024585
0.008372
0.002312
0.001452
0.01768
0.01467
0.003641
0.000274
0.015414
0.013051
0.006931
0.003027
0.01836
0.014159
0.008311
0.005624
0.022573
0.01391
0.008157
0.004171
0.022182
0.018205
0.003342
0.002337
0.015817
0.015376
0.008861
0.007517
0.024818
0.010196
0.013452
0.012537
0.027867
0.013479
0.013876
0.01723
0.037943
0.009283
0.014931
0.01837
0.040162
0.010896
0.014949
0.019331
0.044802
0.011344
0.014921
0.018734
0.046398
0.014798
0.002256
0.002334
0.02855
0.026889
0.00519
0.001419
0.021559
0.019686
0.007949
0.004285
0.027488
0.014768
0.010874
0.009207
0.032498
0.01256
0.013661
0.012309
0.033909
0.013984
0.010741
0.006226
0.027824
0.018615
0.004233
0.001367
0.025403
0.019638
0.01092
0.008882
0.032939
0.00672
0.015812
0.013366
0.03095
0.004862
0.003203
0.002618
0.024615
0.017026
0.008363
0.002458
0.021824
0.011202
0.015108
0.012251
0.02897
0.00332
0.017522
0.017462
0.038469
0.005207
0.020924
0.023639
0.051094
0.014839
0.02539
0.028635
0.057643
0.017231
0.030549
0.035066
0.072488
0.024869
0.034662
0.035637
0.070061
0.012991
0.020237
0.012788
0.052168
0.02527
0.00761
0.001777
0.072709
0.03078
0.004956
0.001152
0.083655
0.046524
0.00721
0.002285
0.05341
0.047978
0.011662
0.002787
0.031786
0.020161
0.011138
0.003585
0.021449
0.000273
0.009054
0.002034
0.030159
0.002002
0.006101
0.002335
0.040217
0.024503
0.004908
0.003197
0.037571
0.021458
0.008191
0.000089
0.028125
0.006635
0.006202
0.002225
0.032523
0.013777
0.005646
0.00259
0.040934
0.01589
0.006071
0.002756
0.039552
0.016924
0.002509
0.001972
0.030909
0.000381
0.00231
0.00542
0.013778
0.02282
0.002363
0.000446
0.033172
0.00134
0.001026
0.001476
0.020152
0.01145
0.001267
0.000732
0.020884
0.010531
0.001541
0.000544
0.021709
0.009533
0.001511
0.000603
0.021097
0.009916
0.001423
0.000667
0.020584
0.010358
0.001388
0.000682
0.020344
0.01057
0.001354
0.000679
0.02023
0.010694
0.001429
0.000605
0.020543
0.010351
0.001412
0.000615
0.020391
0.010469
0.001407
0.000615
0.020351
0.010498
0.001411
0.000609
0.020363
0.010481
0.001411
0.000609
0.020363
0.010481
