0.000196
0.000255
0.001412
0.001153
0.000307
0.000791
0.004957
0.005327
0.000317
0.000095
0.004073
0.003857
0.00073
0.000241
0.002567
0.002458
0.001185
0.000655
0.007362
0.007639
0.000686
0.00029
0.005297
0.005098
0.001154
0.000591
0.005818
0.005993
0.001347
0.000526
0.006966
0.00718
0.001544
0.000714
0.011181
0.011036
0.001835
0.000546
0.011101
0.011049
0.002405
0.000536
0.014247
0.014194
0.003041
0.000184
0.019873
0.019456
0.00212
0.001604
0.009263
0.010203
0.003385
0.000237
0.019049
0.018414
0.003411
0.001766
0.012036
0.013486
0.004121
0.000295
0.015154
0.015353
0.005359
0.004807
0.02351
0.011341
0.002857
0.001205
0.026383
0.024366
0.00449
0.002243
0.009723
0.01258
0.006199
0.00616
0.01885
0.002765
0.002093
0.000623
0.015957
0.012026
0.003737
0.000323
0.01869
0.016503
0.003841
0.000192
0.021589
0.019873
0.010117
0.010566
0.030748
0.012593
0.018676
0.024593
0.046421
0.009558
0.018062
0.017464
0.036957
0.029428
0.002195
0.000152
0.033915
0.025297
0.014458
0.010712
0.028927
0.020501
0.00662
0.009636
0.043283
0.015723
0.008821
0.016097
0.057029
0.010216
0.021439
0.032664
0.074946
0.005175
0.029243
0.037468
0.07642
0.017422
0.025872
0.031125
0.073558
0.022209
0.003675
0.005065
0.029899
0.031791
0.010714
0.008851
0.040794
0.009501
0.020173
0.022616
0.053634
0.005778
0.028384
0.033017
0.064649
0.018508
0.005
0.004658
0.031948
0.031594
0.006159
0.000895
0.041101
0.028324
0.0083
0.005615
0.058499
0.016894
0.012794
0.011897
0.070285
0.010515
0.009719
0.000691
0.041954
0.032057
0.005522
0.001725
0.030863
0.01568
0.010733
0.002829
0.01843
0.002264
0.004906
0.003115
0.034148
0.021921
0.007557
0.000483
0.030519
0.014543
0.006293
0.001821
0.028161
0.013927
0.005329
0.002917
0.026575
0.014835
0.005266
0.002916
0.028342
0.015805
0.006117
0.00218
0.030303
0.015524
0.00647
0.001837
0.033788
0.016028
0.005361
0.003057
0.033187
0.017367
0.005481
0.003056
0.031296
0.014708
0.005048
0.003643
0.028443
0.014076
0.00578
0.002967
0.029229
0.010222
0.004998
0.003854
0.030783
0.01374
0.005371
0.00352
0.030012
0.010889
0.000714
0.002962
0.027591
0.012731
0.00013
0.002142
0.025731
0.014525
0.000034
0.001302
0.023633
0.01509
0.000043
0.000987
0.022462
0.015402
0.000515
0.000601
0.021886
0.014457
0.000349
0.00073
0.021181
0.015268
0.000144
0.000679
0.021882
0.016342
0.000117
0.000697
0.021683
0.016499
0.000075
0.000642
0.022421
0.01762
0.000088
0.000633
0.022178
0.017731
0.000054
0.000594
0.022017
0.017692
0.00004
0.000587
0.02207
0.017624
0.000038
0.000585
0.022093
0.017604
0.000047
0.000593
0.022063
0.01765
0.000056
0.000601
0.022033
0.017691
0.000058
0.000601
0.022041
0.017689
0.000051
0.000596
0.022071
0.017655
0.000046
0.000591
0.022086
0.017629
0.000044
0.000589
0.022083
0.017626
0.000045
0.000589
0.022064
0.01764
0.000047
0.000591
0.022044
0.017654
0.000047
0.000591
0.022058
0.017648
0.000049
0.000593
0.022068
0.017649
0.00005
0.000595
0.022069
0.017651
0.000053
0.000597
0.022067
0.01766
0.000056
0.0006
0.022046
0.01769
0.000056
0.0006
0.022046
0.01769
