0.002657
0.003356
0.035827
0.029813
0.008152
0.001929
0.074174
0.083973
0.007643
0.001028
0.053538
0.059919
0.007507
0.002772
0.050292
0.054763
0.010047
0.002423
0.05963
0.066928
0.011772
0.002019
0.063349
0.072734
0.013026
0.001682
0.065164
0.076103
0.012517
0.001068
0.059066
0.070096
0.016633
0.001943
0.074032
0.088164
0.015173
0.002253
0.060082
0.07248
0.015982
0.00198
0.06388
0.077332
0.02222
0.001604
0.086251
0.106112
0.019201
0.000869
0.067874
0.085547
0.018559
0.001685
0.065347
0.081553
0.021708
0.001302
0.075819
0.095448
0.021604
0.000518
0.071797
0.09317
0.02401
0.000623
0.081794
0.10432
0.02346
0.001371
0.076201
0.100204
0.021462
0.000672
0.072331
0.093571
0.028772
0.00573
0.063286
0.095654
0.025945
0.000097
0.086446
0.111241
0.028163
0.001446
0.083882
0.112137
0.025373
0.001374
0.081894
0.10761
0.028723
0.000832
0.087869
0.116301
0.02586
0.000435
0.083711
0.108961
0.026456
2.362e-6
0.081267
0.106707
0.025884
0.000547
0.077505
0.101794
0.026032
0.000428
0.077113
0.101667
0.033796
3.7476e-6
0.092103
0.124595
0.02927
0.000576
0.091485
0.120079
0.043562
0.003485
0.092768
0.138286
0.033958
0.002834
0.101381
0.136768
0.030187
0.002779
0.089429
0.12093
0.032081
0.000951
0.088853
0.12046
0.036423
0.000865
0.097332
0.133003
0.034802
0.002799
0.096214
0.132251
0.035272
0.002899
0.09783
0.134338
0.03688
0.002626
0.101216
0.138962
0.033794
0.002301
0.100543
0.134945
0.034669
0.002039
0.093411
0.128439
0.035697
0.001873
0.094231
0.130084
0.036563
0.001901
0.096357
0.133057
0.03671
0.002028
0.09869
0.135632
0.037132
0.002342
0.100149
0.137791
0.039422
0.002667
0.102485
0.142647
0.03821
0.002648
0.103164
0.142096
0.036427
0.002526
0.104221
0.141287
0.045903
0.010154
0.093335
0.144108
0.043747
0.002772
0.110454
0.154801
0.044021
0.003469
0.11612
0.161326
0.043625
0.005525
0.113559
0.160572
0.038946
0.006598
0.108867
0.152284
0.040415
0.005089
0.110211
0.153464
0.042864
0.004107
0.112949
0.157539
0.045494
0.00387
0.117347
0.164172
0.044504
0.0049
0.117229
0.164181
0.044947
0.005446
0.117274
0.165072
0.044376
0.005012
0.11937
0.166135
0.044339
0.005313
0.119047
0.166074
0.041629
0.005445
0.11758
0.16209
0.042653
0.004804
0.112863
0.157749
0.042286
0.004375
0.111806
0.155929
0.042193
0.004353
0.111876
0.155882
0.043667
0.005659
0.110244
0.156253
0.047034
0.00303
0.118055
0.165315
0.047277
0.003756
0.12174
0.169888
0.050526
0.003821
0.127199
0.178418
0.044657
0.004853
0.129209
0.175729
0.048188
0.005612
0.127744
0.178412
0.047715
0.006502
0.126445
0.177614
0.045006
0.007148
0.123884
0.172977
0.045315
0.006809
0.123436
0.172506
0.047206
0.005783
0.1239
0.17377
0.047962
0.005577
0.125417
0.175782
0.045873
0.005772
0.126309
0.174817
0.052623
0.004793
0.129508
0.183482
0.053902
0.004562
0.134477
0.189338
0.047182
0.005728
0.13712
0.186564
0.048083
0.007709
0.131416
0.183791
0.054539
0.006209
0.134262
0.191253
0.048765
0.006424
0.137721
0.189274
0.048924
0.007254
0.13596
0.188497
0.057205
0.006012
0.138497
0.197674
0.054778
0.005802
0.143786
0.200264
0.049015
0.007374
0.144454
0.196896
0.051186
0.008315
0.140644
0.196174
0.050791
0.008496
0.140229
0.195517
0.053679
0.007741
0.141151
0.198429
0.061683
0.004986
0.147343
0.209378
0.05677
0.006193
0.150405
0.208871
0.061759
0.005385
0.152848
0.21507
0.062054
0.004891
0.157587
0.219416
0.060947
0.005595
0.159215
0.220664
0.063099
0.007736
0.157031
0.220766
0.059052
0.006243
0.1637
0.223428
0.055925
0.007323
0.164652
0.222607
0.066972
0.004756
0.169236
0.234899
0.059533
0.006961
0.170633
0.231371
0.055447
0.012405
0.16201
0.224207
0.05641
0.01234
0.160728
0.223782
0.056422
0.011692
0.160468
0.222897
0.060792
0.009379
0.163127
0.227326
0.059925
0.009381
0.165171
0.228468
0.062787
0.007942
0.168218
0.232675
0.062579
0.007827
0.170857
0.234868
0.057769
0.010787
0.17109
0.233405
0.060714
0.012737
0.169255
0.23427
0.064026
0.009533
0.174056
0.240704
0.058288
0.011018
0.176125
0.23885
0.057891
0.01163
0.175243
0.238179
0.066613
0.00816
0.17734
0.244912
0.066836
0.008549
0.178139
0.24506
0.063944
0.008509
0.181353
0.246311
0.064991
0.008639
0.18239
0.248586
0.06607
0.008444
0.183633
0.250538
0.067776
0.007329
0.186291
0.25352
0.074653
0.0023
0.192804
0.261155
0.062779
0.009056
0.19435
0.258011
0.060801
0.017268
0.185642
0.255552
0.061608
0.016585
0.185312
0.255341
0.062057
0.015777
0.185221
0.254899
0.068821
0.010313
0.190235
0.260618
0.070835
0.007435
0.19545
0.264595
0.063122
0.012861
0.195725
0.262891
0.062833
0.01604
0.193239
0.263227
0.069812
0.010729
0.197527
0.268517
0.070349
0.009069
0.201101
0.27073
0.071385
0.008096
0.203667
0.273121
0.069999
0.010177
0.202894
0.27322
0.07177
0.009463
0.204232
0.275119
0.067035
0.013101
0.204269
0.27418
0.064281
0.018659
0.201696
0.274456
0.067383
0.016238
0.203314
0.276498
0.071997
0.011351
0.207849
0.280262
0.067521
0.014262
0.208245
0.279264
0.064911
0.019237
0.205732
0.279153
0.065415
0.019457
0.205213
0.279367
0.065623
0.019237
0.205333
0.279468
0.069386
0.015157
0.20875
0.282171
0.070229
0.013598
0.211032
0.283546
0.069806
0.014102
0.211494
0.284055
0.067625
0.017159
0.210272
0.283771
0.067534
0.017919
0.210376
0.28444
0.06692
0.018733
0.210189
0.284456
0.067782
0.018039
0.211059
0.28538
0.068513
0.017132
0.212137
0.286162
0.071548
0.013649
0.215386
0.288596
0.068678
0.016477
0.214873
0.288127
0.068368
0.017479
0.214898
0.288796
0.068192
0.018353
0.214261
0.288765
0.070337
0.016294
0.21615
0.290544
0.070474
0.015759
0.217233
0.29116
0.073336
0.012448
0.220325
0.293412
0.075311
0.009834
0.223316
0.295443
0.075222
0.010001
0.224413
0.296463
0.076254
0.009097
0.226348
0.298164
0.073891
0.011822
0.226351
0.298711
0.069828
0.01878
0.223936
0.299175
0.068051
0.022392
0.223503
0.30046
0.071754
0.017723
0.2271
0.30266
0.072032
0.017287
0.227814
0.30271
0.075844
0.011972
0.232401
0.305671
0.078891
0.007984
0.236196
0.308079
0.077125
0.010295
0.236107
0.308847
0.077642
0.010549
0.237353
0.310229
0.074527
0.017813
0.23283
0.309821
0.074268
0.017108
0.235043
0.310761
0.073302
0.018312
0.234754
0.310668
0.072943
0.018612
0.235536
0.311387
0.0757
0.014847
0.238848
0.313274
0.076264
0.014384
0.239686
0.312411
0.076597
0.014195
0.24042
0.314442
0.083969
0.002959
0.249668
0.319031
0.07982
0.009852
0.24799
0.320594
0.071944
0.020481
0.247969
0.323245
0.070586
0.026176
0.24741
0.326397
0.074368
0.021053
0.250826
0.327918
0.073895
0.023865
0.248879
0.328298
0.073582
0.023521
0.249987
0.328624
0.075401
0.020331
0.25246
0.329456
0.07471
0.022975
0.250678
0.32958
0.077413
0.017548
0.255265
0.33092
0.077384
0.018217
0.255131
0.331392
0.07502
0.022596
0.253277
0.331553
0.08177
0.010407
0.262782
0.334491
0.080416
0.013973
0.261777
0.335991
0.078084
0.016626
0.263456
0.337523
0.07712
0.019254
0.263361
0.339053
0.074068
0.026374
0.261434
0.340769
0.073198
0.02825
0.261207
0.341538
0.076766
0.022491
0.264985
0.342656
0.077961
0.021961
0.264688
0.342807
0.079581
0.019688
0.265908
0.343127
0.082114
0.016459
0.267549
0.343565
0.079407
0.022227
0.263984
0.343066
0.079011
0.019482
0.267046
0.342805
0.079252
0.019598
0.267195
0.343239
0.07858
0.019663
0.267763
0.34198
0.079943
0.016308
0.270687
0.342321
0.08173
0.013196
0.272646
0.344459
0.089238
0.004591
0.277202
0.346569
0.087084
0.009803
0.275669
0.348205
0.07702
0.024838
0.272502
0.349772
0.074387
0.024958
0.27584
0.348416
0.07551
0.024858
0.275773
0.351446
0.076276
0.02208
0.277875
0.348278
0.078218
0.015555
0.282651
0.348012
0.084584
0.018626
0.276623
0.352944
0.081697
0.020318
0.278061
0.354005
0.079432
0.023288
0.277332
0.35349
0.088155
0.00575
0.290514
0.356963
0.088406
0.00919
0.287666
0.356917
0.088923
0.003135
0.293035
0.354906
0.09301
0.005844
0.288471
0.357036
0.092615
0.00905
0.287092
0.358988
0.085073
0.017774
0.286446
0.360446
0.078169
0.023291
0.289475
0.3621
0.077576
0.026203
0.289903
0.36454
0.076383
0.025221
0.29263
0.363492
0.077891
0.024729
0.292694
0.365598
0.079843
0.027786
0.289526
0.366799
0.082834
0.022494
0.293026
0.367447
0.082672
0.024049
0.292015
0.367437
0.085245
0.019924
0.294775
0.368295
0.084831
0.022383
0.293247
0.368354
0.084066
0.021514
0.294905
0.36895
0.082401
0.025634
0.29288
0.368966
0.079994
0.022056
0.297604
0.364767
0.083671
0.014754
0.302026
0.368922
0.08937
0.01625
0.297176
0.369658
0.086799
0.018419
0.297515
0.36995
0.083864
0.019431
0.299077
0.368697
0.080643
0.02323
0.300192
0.371148
0.08069
0.027785
0.297354
0.372078
0.07982
0.029978
0.297015
0.373024
0.075946
0.021861
0.307285
0.365822
0.085044
0.021523
0.3041
0.37524
0.08907
0.016411
0.306399
0.376216
0.090754
0.014891
0.306635
0.376272
0.09228
0.012628
0.307974
0.376297
0.090441
0.012419
0.309379
0.373054
0.092719
0.015103
0.306097
0.375954
0.088485
0.018305
0.307075
0.37701
0.080642
0.030676
0.305837
0.379953
0.080334
0.028717
0.311238
0.382541
0.082153
0.031457
0.308673
0.383979
0.082108
0.032233
0.30847
0.384447
0.079276
0.03483
0.309543
0.385463
0.081784
0.028376
0.314718
0.386042
0.084136
0.027595
0.314175
0.386584
0.084356
0.029199
0.312816
0.386652
0.082709
0.032117
0.311976
0.387466
0.078171
0.023465
0.321696
0.380047
0.086734
0.024481
0.316674
0.38675
0.087294
0.025475
0.315827
0.387682
0.087271
0.026936
0.314967
0.3884
0.084821
0.022215
0.320221
0.384865
0.087922
0.022717
0.317624
0.386974
0.088655
0.022511
0.317153
0.386924
0.086184
0.024793
0.317502
0.387238
0.083502
0.026571
0.318615
0.386882
0.081276
0.020602
0.325784
0.385766
0.087949
0.026815
0.317315
0.388714
0.086201
0.019972
0.324047
0.385866
0.088212
0.015634
0.326348
0.387159
0.089857
0.023872
0.319881
0.389344
0.086954
0.018869
0.326038
0.385999
0.088927
0.015355
0.327695
0.388269
0.090463
0.024452
0.321532
0.391362
0.087903
0.025362
0.324447
0.392252
0.087993
0.024475
0.32635
0.392904
0.086089
0.026233
0.327376
0.393908
0.082973
0.033746
0.325598
0.396313
0.081164
0.035629
0.327403
0.397894
0.082895
0.03408
0.328113
0.398236
0.082992
0.034838
0.327577
0.398324
0.085243
0.030017
0.330698
0.398512
0.085614
0.031887
0.329143
0.398629
0.084603
0.034123
0.328793
0.399936
0.085106
0.031215
0.330993
0.399192
0.086821
0.030493
0.330386
0.399136
0.08886
0.027675
0.331364
0.398584
0.088816
0.029699
0.329873
0.398646
0.085822
0.023284
0.336584
0.394197
0.091106
0.026638
0.331111
0.398001
0.09013
0.025795
0.332413
0.396964
0.08629
0.015221
0.342743
0.391628
0.089527
0.013154
0.342721
0.395271
0.0944
0.015811
0.337589
0.39686
0.099865
0.012338
0.337331
0.396978
0.09727
0.01918
0.33385
0.397549
0.092151
0.020165
0.33549
0.394675
0.089846
0.021896
0.335967
0.395845
0.084909
0.032972
0.332561
0.397426
0.079392
0.029698
0.341116
0.39597
0.084524
0.030702
0.339262
0.401143
0.086336
0.033574
0.336417
0.402142
0.088766
0.029297
0.338963
0.40218
0.091658
0.025525
0.340527
0.402064
0.091298
0.024774
0.341477
0.401131
0.095889
0.025244
0.338072
0.401616
0.095567
0.027427
0.336656
0.401913
0.093807
0.028868
0.336643
0.402119
0.090693
0.028051
0.338805
0.399599
0.089575
0.028099
0.339253
0.400525
0.083969
0.021789
0.346549
0.394758
0.095481
0.027093
0.33489
0.39826
0.094644
0.028326
0.334742
0.398778
0.089205
0.020844
0.343421
0.392863
0.10086
0.02376
0.334962
0.397652
0.093439
0.028359
0.337968
0.399796
0.089262
0.030591
0.338978
0.399216
0.084547
0.031709
0.341903
0.397712
0.083064
0.033727
0.343481
0.401448
0.082087
0.040927
0.34098
0.404323
0.08071
0.030779
0.350665
0.401274
0.093582
0.029943
0.347155
0.40704
0.089834
0.0219
0.35539
0.401432
0.102444
0.022034
0.349216
0.406847
0.097917
0.027835
0.348398
0.408698
0.088949
0.033246
0.348333
0.405792
0.081384
0.042274
0.347972
0.408215
0.083839
0.03964
0.349933
0.409125
0.089104
0.030546
0.355765
0.409424
0.08541
0.024017
0.362374
0.402635
0.084814
0.010022
0.374134
0.401095
0.095022
0.013423
0.367133
0.407117
0.104503
0.016455
0.360308
0.41002
0.103571
0.018267
0.35945
0.409766
0.101386
0.021278
0.358275
0.409424
0.09053
0.033017
0.355496
0.409272
0.086261
0.03805
0.354357
0.409724
0.075409
0.030259
0.365479
0.399044
0.095986
0.030544
0.354384
0.407557
0.094592
0.027433
0.357577
0.405921
0.091739
0.019615
0.36525
0.402802
0.095756
0.022451
0.360867
0.404796
0.099494
0.026045
0.356092
0.406473
0.099718
0.027551
0.355196
0.407051
0.092298
0.034116
0.355462
0.407916
0.082537
0.043457
0.357502
0.410832
0.083616
0.045283
0.358476
0.414213
0.080631
0.03895
0.365365
0.409809
0.076774
0.026309
0.377467
0.404197
0.081655
0.021506
0.380258
0.407472
0.087973
0.017751
0.381734
0.409026
0.09713
0.015751
0.380749
0.414285
0.10158
0.026566
0.374232
0.419732
0.092231
0.030217
0.376204
0.418043
0.088046
0.036886
0.372636
0.415689
0.083097
0.045054
0.371341
0.41925
0.083924
0.045713
0.370674
0.419775
0.083964
0.045725
0.370674
0.419799
0.084008
0.04565
0.370805
0.419859
0.084122
0.045387
0.371204
0.420048
0.086254
0.041988
0.373482
0.420127
0.092716
0.032791
0.378877
0.41996
0.090256
0.023919
0.387012
0.41448
0.093451
0.019158
0.38963
0.415447
0.0966
0.015379
0.391304
0.414501
0.102412
0.015223
0.388895
0.416885
0.10519
0.027508
0.379013
0.419186
0.09981
0.028064
0.381776
0.417582
0.093572
0.033496
0.380112
0.417809
0.082226
0.047035
0.375896
0.417074
0.080853
0.044566
0.378565
0.414223
0.081785
0.039108
0.38328
0.414281
0.084024
0.036686
0.385012
0.414077
0.087556
0.036723
0.383982
0.416741
0.09171
0.039879
0.380158
0.419127
0.089089
0.037276
0.383334
0.416191
0.089913
0.036844
0.382957
0.416858
0.089427
0.035106
0.384021
0.414576
0.092279
0.039683
0.378386
0.416206
0.088118
0.043329
0.37792
0.416513
0.086085
0.045297
0.377339
0.416144
0.084813
0.046456
0.378417
0.417547
0.091808
0.032337
0.389262
0.416446
0.098777
0.030885
0.387864
0.416992
0.096171
0.028983
0.390396
0.414216
0.096134
0.028493
0.390391
0.415268
0.092155
0.041181
0.379219
0.414127
0.084722
0.048232
0.379375
0.415223
0.086792
0.044437
0.38287
0.415486
0.087255
0.045093
0.382149
0.415682
0.089597
0.042173
0.384131
0.415698
0.088226
0.039398
0.387227
0.413154
0.091665
0.041054
0.384753
0.415603
0.088817
0.04442
0.384467
0.416669
0.086832
0.045969
0.384359
0.416581
0.083362
0.043552
0.388519
0.413596
0.085136
0.043434
0.388001
0.415191
0.084802
0.040857
0.390187
0.412677
0.090759
0.04265
0.386454
0.416383
0.088507
0.044325
0.386491
0.416508
0.086568
0.045788
0.386373
0.416455
0.079509
0.036828
0.397738
0.407196
0.099539
0.033971
0.393803
0.41655
0.096966
0.031603
0.39711
0.415222
0.094653
0.035673
0.393165
0.413122
0.090995
0.038707
0.391327
0.409941
0.091271
0.039757
0.394338
0.411462
0.09069
0.04368
0.39228
0.412983
0.089738
0.043091
0.392369
0.410698
0.089381
0.046125
0.390015
0.411499
0.085595
0.048772
0.390746
0.411864
0.086572
0.046234
0.394286
0.411934
0.093624
0.035897
0.402107
0.410374
0.095119
0.039477
0.399679
0.413084
0.087757
0.046001
0.397598
0.412158
0.080533
0.04147
0.405099
0.404302
0.093584
0.04123
0.399452
0.409706
0.093684
0.039702
0.400778
0.408062
0.094486
0.038709
0.399748
0.405977
0.097578
0.035293
0.398572
0.401717
0.097023
0.038271
0.394663
0.399524
0.091434
0.041854
0.393823
0.397241
0.08737
0.044161
0.393761
0.393097
0.084037
0.051238
0.393055
0.398285
0.087122
0.048053
0.397907
0.39999
0.087896
0.048883
0.39809
0.401635
0.08626
0.050445
0.399199
0.402839
0.084951
0.052194
0.400829
0.404945
0.084505
0.052723
0.402286
0.406259
0.087417
0.045271
0.409873
0.403422
0.090195
0.046694
0.407945
0.4056
0.091903
0.041297
0.412231
0.40126
0.094757
0.041594
0.410378
0.400631
0.090197
0.04737
0.406778
0.400384
0.086145
0.049327
0.404295
0.395703
0.089462
0.048134
0.400009
0.391852
0.088752
0.049066
0.400324
0.392752
0.086391
0.051113
0.40194
0.394396
0.084453
0.053676
0.404441
0.397514
0.084284
0.054175
0.405387
0.398561
0.078621
0.048602
0.414551
0.388993
0.07694
0.039007
0.426014
0.383428
0.09868
0.039043
0.421346
0.394463
0.097553
0.037513
0.424113
0.390169
0.098771
0.02921
0.431764
0.386709
0.104499
0.036523
0.419863
0.389337
0.100267
0.043544
0.413155
0.386887
0.090571
0.035003
0.423875
0.373359
0.092209
0.038039
0.41539
0.370005
0.095517
0.041184
0.40643
0.369299
0.097497
0.04322
0.39943
0.367998
0.096524
0.045131
0.398593
0.369052
0.093883
0.039958
0.40575
0.35799
0.094491
0.038895
0.40667
0.354262
0.095969
0.030545
0.416156
0.350051
0.098685
0.031649
0.413579
0.347376
0.103441
0.039069
0.405169
0.35012
0.095784
0.036955
0.416108
0.341765
0.091327
0.035919
0.424935
0.342005
0.08765
0.047086
0.417514
0.341543
0.084217
0.056753
0.423471
0.347757
0.07971
0.063751
0.429165
0.355736
0.078735
0.063653
0.431231
0.356148
0.078457
0.063659
0.432338
0.356502
0.078631
0.063496
0.433901
0.357312
0.078994
0.06336
0.435322
0.358189
0.079955
0.063031
0.440319
0.361147
0.079356
0.063282
0.443425
0.36268
0.079466
0.058105
0.4546
0.353296
0.086237
0.055937
0.457082
0.351398
0.085909
0.055399
0.45905
0.345877
0.08344
0.060381
0.453318
0.345501
0.079089
0.062249
0.447464
0.335963
0.078469
0.06494
0.446648
0.337662
0.077481
0.064214
0.454135
0.333716
0.078484
0.065127
0.456152
0.335809
0.07589
0.063891
0.463002
0.32989
0.076914
0.064391
0.462517
0.330447
0.078578
0.063091
0.467226
0.325239
0.079337
0.06556
0.469108
0.327799
0.077938
0.067451
0.469516
0.328918
0.07271
0.06826
0.47497
0.320443
0.073255
0.068018
0.473207
0.321122
0.075
0.068506
0.470523
0.321024
0.075053
0.068214
0.470185
0.313383
0.07605
0.068411
0.468922
0.312861
0.074034
0.066871
0.474878
0.306024
0.07114
0.067112
0.478468
0.296924
0.073856
0.065522
0.478216
0.298542
0.077486
0.068136
0.476648
0.299433
0.072425
0.073951
0.48324
0.303642
0.070096
0.076168
0.485565
0.305602
0.069397
0.077012
0.486731
0.306507
0.066865
0.075208
0.49483
0.298288
0.069833
0.075646
0.495003
0.298824
0.067201
0.074858
0.501941
0.290186
0.066726
0.072588
0.509743
0.283729
0.067256
0.074037
0.50829
0.283161
0.067358
0.071642
0.517365
0.275894
0.06872
0.072855
0.515265
0.275504
0.071207
0.07275
0.515872
0.275985
0.070765
0.076631
0.519398
0.276646
0.068653
0.078742
0.521529
0.278036
0.063161
0.080758
0.523332
0.270364
0.063167
0.080723
0.522944
0.26947
0.064617
0.081839
0.517146
0.2682
0.064533
0.082347
0.516953
0.268705
0.0644
0.082428
0.516713
0.268722
0.064023
0.082529
0.516242
0.268736
0.063949
0.082564
0.51631
0.268806
0.064015
0.082538
0.516537
0.268837
0.064056
0.082519
0.51664
0.268843
0.064083
0.082506
0.516729
0.268846
0.064106
0.082462
0.516975
0.268877
0.064058
0.082444
0.517117
0.268914
0.064002
0.082436
0.517305
0.268979
0.064033
0.08244
0.517535
0.269044
0.06405
0.082447
0.517608
0.269059
0.064067
0.08245
0.51766
0.269075
0.064079
0.082464
0.517717
0.269094
0.064082
0.082483
0.517757
0.26912
0.064066
0.082504
0.517769
0.269126
0.064066
0.082504
0.517769
0.269126
