0.001967
0.002877
0.030675
0.025836
0.003813
0.004056
0.037177
0.029335
0.003166
0.003649
0.05267
0.052135
0.010008
0.000856
0.068909
0.079511
0.007187
0.00312
0.066905
0.076899
0.006918
0.003144
0.050906
0.054426
0.009432
0.002683
0.059179
0.065631
0.00825
0.00218
0.053159
0.058935
0.008583
0.000452
0.048887
0.056501
0.010826
0.002048
0.053714
0.062134
0.009174
0.001514
0.055798
0.063111
0.009705
0.002619
0.053273
0.060025
0.009771
0.002695
0.053052
0.059795
0.010943
0.002481
0.057475
0.06557
0.014539
0.001859
0.069138
0.081351
0.013468
0.001823
0.067145
0.078334
0.020705
0.000328
0.06974
0.089487
0.013693
0.000152
0.067575
0.080559
0.021436
0.001878
0.081892
0.100746
0.023293
0.000156
0.087413
0.110083
0.018732
0.001035
0.066025
0.083006
0.019527
0.001592
0.065404
0.08263
0.019598
0.00153
0.066463
0.083818
0.019599
0.001528
0.066466
0.083823
0.021179
0.000639
0.063665
0.084369
0.022222
0.002015
0.077915
0.097316
0.025595
0.000709
0.084058
0.108024
0.025867
0.002105
0.079155
0.106267
0.023733
0.001747
0.077535
0.102111
0.031487
0.005564
0.070685
0.105699
0.02526
0.00006
0.085294
0.109441
0.025461
0.0003
0.076779
0.100955
0.02514
0.000675
0.075549
0.099012
0.024921
0.000648
0.07557
0.098854
0.024885
0.000588
0.074917
0.09823
0.024838
0.000625
0.07479
0.098021
0.026153
0.00137
0.072469
0.098507
0.027479
0.001614
0.085034
0.109823
0.029376
0.000178
0.087488
0.115874
0.026396
0.000635
0.082995
0.108925
0.029922
0.00029
0.088836
0.11782
0.027907
0.000415
0.088994
0.116085
0.029681
0.001145
0.087217
0.116799
0.028349
0.00011
0.083104
0.110378
0.03266
0.000263
0.088448
0.120026
0.029712
0.000598
0.088797
0.117805
0.029303
0.000831
0.083841
0.112692
0.031574
0.00058
0.08808
0.118879
0.033004
0.000828
0.092532
0.124934
0.032855
0.002258
0.0905
0.124231
0.033483
0.001833
0.094609
0.128426
0.034107
0.002113
0.095062
0.129751
0.033219
0.002116
0.094942
0.128738
0.03248
0.002037
0.094823
0.127808
0.031855
0.001771
0.094154
0.126277
0.03243
0.000844
0.088599
0.120396
0.034918
0.000959
0.092222
0.126522
0.04057
0.003434
0.090847
0.132441
0.036595
0.002665
0.105182
0.142575
0.039012
0.002904
0.106986
0.147012
0.037326
0.004295
0.104171
0.144012
0.038501
0.004631
0.10367
0.144885
0.036895
0.002692
0.104278
0.141997
0.036629
0.002407
0.0998
0.136968
0.036083
0.002274
0.097305
0.133823
0.036189
0.002206
0.097155
0.133713
0.037596
0.002222
0.098765
0.136694
0.043342
0.002617
0.101909
0.145736
0.039019
0.002441
0.105186
0.144593
0.042322
0.003023
0.109527
0.152688
0.042599
0.003438
0.112972
0.156759
0.041036
0.004714
0.111352
0.15495
0.041046
0.00583
0.108385
0.153018
0.043926
0.004684
0.113419
0.159627
0.042901
0.004447
0.115937
0.160864
0.044258
0.004445
0.117665
0.163851
0.043036
0.005481
0.115921
0.162025
0.040533
0.005888
0.111705
0.15569
0.043177
0.004644
0.11176
0.157084
0.043125
0.004136
0.114324
0.159055
0.046329
0.003942
0.11838
0.165935
0.04266
0.004402
0.119639
0.164071
0.045927
0.0047
0.119663
0.167528
0.04553
0.00483
0.121372
0.16894
0.047418
0.00484
0.123094
0.172458
0.048105
0.004855
0.125557
0.175532
0.048667
0.005024
0.127698
0.178317
0.052389
0.006846
0.126003
0.180779
0.047732
0.005108
0.132268
0.181912
0.04704
0.006779
0.129558
0.18029
0.04759
0.00717
0.128169
0.179726
0.049812
0.006264
0.130351
0.183096
0.054055
0.005079
0.135253
0.190784
0.046794
0.005986
0.137828
0.18716
0.050741
0.006568
0.13568
0.189401
0.050687
0.007133
0.134986
0.189265
0.052236
0.007105
0.135211
0.190834
0.048334
0.007035
0.137228
0.18896
0.049092
0.007788
0.133563
0.186845
0.048851
0.007854
0.132801
0.185898
0.04842
0.007847
0.131965
0.184638
0.0497
0.007313
0.132164
0.18553
0.057338
0.005284
0.137032
0.195609
0.055316
0.005198
0.14227
0.198675
0.057133
0.005076
0.145864
0.203776
0.054025
0.006426
0.146339
0.202619
0.053388
0.008263
0.141996
0.199497
0.052765
0.008674
0.141144
0.198323
0.054667
0.007604
0.14387
0.201732
0.061872
0.004828
0.150445
0.212234
0.060811
0.004776
0.156122
0.216659
0.052177
0.008311
0.15795
0.213666
0.056308
0.008972
0.156349
0.216605
0.05994
0.007747
0.158453
0.220864
0.061663
0.006664
0.161904
0.224749
0.054887
0.008969
0.163521
0.222112
0.054583
0.012424
0.156371
0.218148
0.055171
0.011443
0.155273
0.21665
0.05808
0.009404
0.157114
0.219178
0.070832
0.002651
0.167275
0.234372
0.056896
0.006228
0.174222
0.231522
0.059542
0.010216
0.172394
0.236022
0.060885
0.010678
0.171098
0.236369
0.06677
0.0072
0.175474
0.242666
0.066122
0.006471
0.179542
0.245184
0.070728
0.003599
0.184841
0.251712
0.064435
0.006752
0.185071
0.249217
0.064111
0.010009
0.179885
0.246802
0.060654
0.013398
0.175317
0.242213
0.065508
0.01032
0.17905
0.247253
0.06724
0.008394
0.183103
0.250857
0.065078
0.009217
0.183821
0.250277
0.070918
0.005452
0.18982
0.25774
0.071334
0.004338
0.194177
0.261116
0.070991
0.004991
0.195389
0.262353
0.067599
0.008828
0.193381
0.260921
0.076784
0.002364
0.200532
0.269923
0.074181
0.003398
0.203118
0.27092
0.073817
0.004595
0.204034
0.272444
0.073608
0.004923
0.206238
0.274501
0.070851
0.00844
0.205306
0.274667
0.075861
0.005332
0.208592
0.27883
0.073747
0.006729
0.208756
0.278249
0.076171
0.003882
0.213518
0.282227
0.078028
0.003715
0.214583
0.282023
0.07977
0.000206
0.219903
0.287451
0.078584
0.001892
0.221398
0.289565
0.081002
0.000079
0.224692
0.292856
0.082716
0.00177
0.228461
0.295969
0.085072
0.004364
0.23294
0.29955
0.08271
0.000862
0.233151
0.300841
0.083926
0.000673
0.234753
0.298491
0.089521
0.008454
0.242407
0.307178
0.086412
0.0044
0.243393
0.309696
0.087136
0.003477
0.244888
0.312018
0.091008
0.007494
0.248966
0.31487
0.084049
0.003619
0.244934
0.315708
0.080541
0.007732
0.246003
0.31633
0.086532
0.007679
0.261063
0.311824
0.095459
0.008149
0.257402
0.323455
0.095
0.002314
0.253065
0.324228
0.092535
0.003206
0.258165
0.326252
0.085821
0.001051
0.261483
0.328265
0.082349
0.004767
0.262502
0.32705
0.086149
0.001828
0.271102
0.333847
0.095923
0.007494
0.271881
0.337043
0.095623
0.004648
0.269888
0.335857
0.095823
0.003836
0.269864
0.335654
0.095148
0.006668
0.273401
0.33495
0.094706
0.01005
0.277156
0.334869
0.100395
0.00923
0.274096
0.338146
0.0966
0.007187
0.2774
0.34116
0.086857
0.006994
0.278701
0.346542
0.08185
0.007523
0.285483
0.343208
0.082332
0.000155
0.295653
0.35135
0.091988
0.007892
0.285058
0.35515
0.088667
0.008713
0.288488
0.356439
0.08653
0.002422
0.300781
0.34852
0.087481
0.024972
0.320117
0.349461
0.103856
0.035252
0.31959
0.3583
0.10063
0.042792
0.327832
0.34642
0.101586
0.068343
0.348067
0.343179
0.122107
0.077659
0.344704
0.357573
0.13963
0.067621
0.326366
0.361394
0.13379
0.071887
0.333286
0.346327
0.143647
0.07582
0.331855
0.356332
0.146086
0.055825
0.315567
0.357712
0.134934
0.066429
0.331904
0.352436
0.130281
0.080393
0.3443
0.355893
0.146381
0.036911
0.296571
0.352167
0.140854
0.031182
0.295657
0.343151
0.115506
0.01698
0.301273
0.348645
0.095812
0.008844
0.321091
0.361787
0.078252
0.032729
0.319297
0.378902
0.078539
0.040957
0.327018
0.392537
0.082502
0.038776
0.328685
0.39487
0.083467
0.039306
0.329978
0.397148
0.083131
0.039271
0.330984
0.397738
0.090554
0.024749
0.342861
0.39997
0.096823
0.018854
0.345086
0.400949
0.097288
0.023048
0.342082
0.401265
0.098535
0.017646
0.346249
0.401311
0.097314
0.019521
0.345538
0.399319
0.098388
0.010374
0.352294
0.399618
0.09927
0.001039
0.357934
0.393314
0.102211
0.009808
0.364062
0.39276
0.113934
0.010934
0.357247
0.394306
0.107275
0.016886
0.363696
0.381921
0.108397
0.023656
0.368979
0.381368
0.102849
0.043872
0.386137
0.371661
0.138178
0.018921
0.354078
0.389962
0.138292
0.013834
0.352634
0.394518
0.122999
0.035894
0.376363
0.383028
0.134021
0.017542
0.352382
0.387519
0.128558
0.009472
0.348195
0.379623
0.124774
0.012068
0.352486
0.378759
0.101468
0.017942
0.347433
0.383309
0.079449
0.039394
0.359168
0.398155
0.088277
0.031347
0.366552
0.40087
0.096927
0.029972
0.366198
0.403975
0.093865
0.034799
0.366045
0.406234
0.088029
0.042743
0.366526
0.409812
0.091722
0.036612
0.3742
0.411708
0.093934
0.034916
0.374738
0.411621
0.097367
0.030725
0.377097
0.411171
0.096802
0.030948
0.377437
0.410996
0.092923
0.038927
0.372615
0.411053
0.084627
0.046918
0.373455
0.412939
0.089449
0.040766
0.378579
0.413788
0.089779
0.041447
0.377938
0.413894
0.088611
0.037301
0.382136
0.412222
0.091404
0.04039
0.379137
0.414349
0.091093
0.038081
0.381596
0.413737
0.092051
0.036717
0.382305
0.413443
0.088561
0.032033
0.388402
0.40927
0.097116
0.035634
0.382659
0.413282
0.097937
0.037454
0.381791
0.414869
0.092003
0.036902
0.386466
0.414287
0.087215
0.045845
0.382692
0.415558
0.085169
0.048052
0.383355
0.41669
0.079226
0.043152
0.389921
0.407938
0.08323
0.035146
0.396095
0.411522
0.086447
0.033432
0.396702
0.411083
0.090961
0.030261
0.39831
0.412451
0.09343
0.024919
0.402522
0.410545
0.09882
0.028088
0.398436
0.414665
0.09973
0.028862
0.398866
0.415705
0.09929
0.036882
0.392474
0.415803
0.092509
0.03427
0.397796
0.408395
0.093
0.028916
0.402456
0.411045
0.098336
0.038737
0.387839
0.409671
0.095823
0.035326
0.392289
0.407247
0.092951
0.031408
0.396822
0.401663
0.095692
0.030456
0.395943
0.403023
0.10008
0.034327
0.389888
0.404706
0.099786
0.036134
0.388641
0.404517
0.094781
0.038162
0.388322
0.402178
0.090706
0.039037
0.389162
0.398216
0.089286
0.036158
0.392265
0.398463
0.089264
0.039629
0.388818
0.398032
0.08461
0.039547
0.390765
0.390134
0.088467
0.046388
0.386767
0.398615
0.085522
0.043898
0.392633
0.397438
0.095006
0.040598
0.396186
0.40226
0.094449
0.037865
0.399944
0.401288
0.095028
0.038271
0.399386
0.400658
0.093105
0.039035
0.399685
0.397649
0.092986
0.044148
0.394991
0.39783
0.091071
0.04471
0.396936
0.395252
0.090149
0.046658
0.398379
0.39833
0.085486
0.045635
0.403111
0.394354
0.086356
0.051083
0.401452
0.400045
0.087674
0.049599
0.405287
0.401147
0.089492
0.046195
0.408351
0.399737
0.092896
0.044328
0.408709
0.398861
0.092932
0.04246
0.410236
0.396512
0.091816
0.047318
0.404648
0.396409
0.086909
0.046771
0.40688
0.390275
0.087788
0.045491
0.406839
0.391845
0.088091
0.047664
0.402753
0.390853
0.088013
0.049712
0.399508
0.389981
0.084857
0.043496
0.406707
0.382887
0.086109
0.036038
0.412225
0.377023
0.091338
0.037443
0.40775
0.378358
0.093196
0.036564
0.407424
0.374569
0.098352
0.035173
0.405897
0.378484
0.097226
0.038577
0.40355
0.37809
0.096611
0.039404
0.404074
0.379317
0.092227
0.038511
0.408601
0.376956
0.091844
0.044323
0.406909
0.375146
0.085502
0.051267
0.412009
0.37848
0.081559
0.054892
0.419227
0.381893
0.08745
0.052279
0.421855
0.38208
0.085796
0.053835
0.421889
0.382547
0.085288
0.054245
0.42191
0.382745
0.085803
0.049075
0.430077
0.376527
0.092217
0.047798
0.43012
0.376768
0.093709
0.044286
0.434071
0.370103
0.093496
0.046936
0.428445
0.364857
0.09276
0.049728
0.424252
0.364738
0.091313
0.051444
0.422091
0.364176
0.087967
0.055286
0.418957
0.363637
0.080157
0.060631
0.423866
0.366804
0.083142
0.054505
0.434972
0.360953
0.085289
0.056456
0.436426
0.364927
0.084671
0.057571
0.436296
0.365594
0.079716
0.062253
0.438547
0.368506
0.079415
0.062706
0.438843
0.368927
0.079411
0.062706
0.438841
0.368928
0.079411
0.062706
0.438841
0.368928
