0.002179
0.002941
0.031106
0.025992
0.00307
0.004197
0.033941
0.026708
0.001257
0.003296
0.042646
0.040609
0.000944
0.001419
0.056425
0.055807
0.003838
0.003313
0.046263
0.046632
0.003786
0.002976
0.046109
0.046762
0.005292
0.002814
0.049828
0.052121
0.006001
0.002562
0.050282
0.053515
0.006959
0.000763
0.046269
0.052086
0.006719
0.002535
0.049702
0.053648
0.008123
0.002685
0.053996
0.059165
0.007449
0.002499
0.05116
0.055844
0.007346
0.002593
0.050291
0.054777
0.007519
0.002773
0.050413
0.054895
0.010139
0.002517
0.059738
0.067034
0.009331
0.002258
0.055909
0.062661
0.009164
0.002819
0.052001
0.058033
0.009083
0.002587
0.052299
0.058482
0.011832
0.002305
0.061862
0.071006
0.01332
0.000315
0.057042
0.069481
0.012167
0.001059
0.057517
0.068249
0.011299
0.00245
0.05506
0.063525
0.013709
0.002149
0.064071
0.075178
0.012607
0.002004
0.060762
0.070919
0.012471
0.002028
0.058762
0.068772
0.012641
0.002179
0.057093
0.067127
0.017167
0.00843
0.043668
0.067181
0.025714
0.001867
0.060907
0.087522
0.015201
0.000117
0.076622
0.091288
0.01699
0.000067
0.065586
0.082064
0.019897
0.00112
0.076283
0.094374
0.019732
0.00087
0.069599
0.089547
0.018882
0.001795
0.066074
0.082474
0.021199
0.001995
0.077085
0.095526
0.023554
0.000591
0.079385
0.101514
0.020608
0.000571
0.070904
0.090172
0.021032
0.001446
0.069128
0.087937
0.022119
0.001273
0.07217
0.092201
0.022992
0.000959
0.074683
0.095869
0.021826
0.000847
0.071236
0.091397
0.021915
0.001163
0.070137
0.090065
0.025478
0.000817
0.082963
0.106651
0.023185
0.000489
0.082449
0.104181
0.026561
0.000353
0.083696
0.109589
0.028403
0.000325
0.090438
0.118056
0.025625
0.000563
0.080777
0.105956
0.027952
0.000043
0.084433
0.111228
0.028832
0.00143
0.082722
0.111534
0.026326
0.001521
0.08039
0.107106
0.027175
0.000215
0.078976
0.10483
0.029647
0.000016
0.083809
0.112281
0.028628
0.000038
0.08438
0.11178
0.027843
0.00002
0.084555
0.111226
0.029332
0.000399
0.085672
0.114193
0.030658
0.000702
0.089637
0.119717
0.028564
0.00079
0.086632
0.114777
0.029756
0.000531
0.086257
0.115276
0.02901
0.000576
0.084426
0.112765
0.029058
0.000237
0.082669
0.110715
0.028967
0.000271
0.082563
0.110557
0.031278
0.001901
0.080362
0.111849
0.031021
0.00004
0.090912
0.120529
0.033168
0.001237
0.089751
0.122521
0.030672
0.001095
0.091421
0.121805
0.037498
0.004629
0.08649
0.126105
0.032053
0.001549
0.097194
0.129305
0.032679
0.001488
0.092174
0.124901
0.032641
0.001244
0.092378
0.124799
0.033765
0.001666
0.092802
0.12671
0.034037
0.001788
0.094231
0.128506
0.03528
0.001853
0.097638
0.133141
0.032702
0.001912
0.096445
0.129488
0.035929
0.002146
0.097221
0.133615
0.035872
0.00226
0.098984
0.135409
0.033729
0.002089
0.097067
0.131235
0.038434
0.004236
0.092879
0.133089
0.04271
0.003756
0.094096
0.138579
0.036186
0.002925
0.104625
0.141843
0.037833
0.002985
0.104376
0.143301
0.035735
0.0027
0.101851
0.138465
0.037686
0.002917
0.099934
0.138653
0.036437
0.002683
0.100797
0.138043
0.037978
0.004162
0.098891
0.138502
0.043822
0.004947
0.097239
0.142994
0.043975
0.002516
0.102522
0.146989
0.037313
0.002104
0.107435
0.144876
0.037665
0.003296
0.102694
0.141703
0.03691
0.003307
0.100172
0.138448
0.039446
0.00282
0.103052
0.143286
0.044984
0.002833
0.111041
0.156536
0.041965
0.004071
0.112925
0.156698
0.041101
0.005349
0.109647
0.153891
0.042805
0.00508
0.111127
0.156649
0.04045
0.004312
0.112583
0.155028
0.040712
0.003779
0.109639
0.151821
0.040063
0.003578
0.106983
0.148352
0.044925
0.003311
0.110513
0.156291
0.043339
0.003592
0.113844
0.158292
0.040725
0.00403
0.114076
0.1564
0.046251
0.004433
0.112851
0.160897
0.042119
0.004056
0.116386
0.160036
0.05089
0.004024
0.11837
0.170431
0.044692
0.003879
0.122816
0.168703
0.041851
0.005021
0.120525
0.164724
0.046173
0.005259
0.119281
0.167897
0.044125
0.005088
0.120657
0.167085
0.045598
0.005098
0.12128
0.169133
0.048851
0.004652
0.124681
0.175154
0.044657
0.00494
0.126843
0.173491
0.050303
0.004895
0.127445
0.17948
0.044808
0.005379
0.129566
0.176693
0.045457
0.006102
0.126733
0.175251
0.051293
0.005538
0.128594
0.182092
0.050814
0.005395
0.132738
0.185537
0.048467
0.005569
0.133888
0.184554
0.048306
0.006861
0.132005
0.183875
0.050991
0.006831
0.131972
0.186293
0.048154
0.006624
0.133747
0.185074
0.049442
0.007475
0.132824
0.185654
0.051809
0.007421
0.132805
0.187838
0.055189
0.005777
0.138639
0.195688
0.05845
0.00634
0.139755
0.1998
0.057885
0.005237
0.142574
0.201581
0.053364
0.006206
0.143912
0.19955
0.0514
0.008177
0.139571
0.195322
0.053566
0.007829
0.140044
0.197377
0.051655
0.007731
0.141247
0.196592
0.065326
0.003669
0.149291
0.213482
0.051726
0.00551
0.156767
0.209581
0.052813
0.010066
0.148697
0.207142
0.053326
0.010164
0.146983
0.205969
0.054465
0.010019
0.147094
0.206628
0.056621
0.009253
0.147755
0.208695
0.056237
0.008712
0.148769
0.209104
0.065986
0.015016
0.140957
0.209875
0.063256
0.00445
0.158763
0.221064
0.053518
0.007263
0.162792
0.218622
0.053389
0.008933
0.160899
0.218216
0.057826
0.01196
0.156652
0.219455
0.062677
0.010895
0.157127
0.224142
0.06719
0.009048
0.159574
0.230223
0.066242
0.009657
0.159956
0.229362
0.065572
0.009477
0.161341
0.229495
0.064752
0.006064
0.169726
0.234381
0.05628
0.008724
0.172159
0.23141
0.061304
0.009369
0.172671
0.237117
0.062851
0.009768
0.172474
0.237876
0.067304
0.00713
0.17537
0.243234
0.06438
0.008018
0.17612
0.241811
0.064151
0.00804
0.177877
0.243404
0.064446
0.008397
0.178396
0.244409
0.066536
0.0096
0.177479
0.244491
0.064837
0.007925
0.181514
0.247018
0.063501
0.010009
0.179455
0.246057
0.065119
0.011377
0.177071
0.245052
0.068356
0.009637
0.177607
0.247372
0.070356
0.007148
0.180422
0.250453
0.073054
0.008688
0.179273
0.249585
0.074063
0.004104
0.184518
0.254776
0.069209
0.005195
0.186828
0.253259
0.069257
0.005002
0.19015
0.256313
0.069129
0.005981
0.189801
0.256083
0.070588
0.006124
0.190195
0.257331
0.067783
0.007357
0.191776
0.258351
0.06225
0.013091
0.190534
0.25785
0.064778
0.016165
0.188356
0.257197
0.06932
0.01419
0.19004
0.261167
0.07267
0.009159
0.19512
0.268004
0.065941
0.011892
0.196852
0.265695
0.064657
0.012874
0.196854
0.265656
0.063916
0.01386
0.196104
0.265132
0.068339
0.014366
0.194695
0.264484
0.073159
0.008428
0.198957
0.270143
0.072717
0.007627
0.200004
0.270914
0.07197
0.008413
0.200166
0.270078
0.072192
0.007213
0.202226
0.271986
0.071959
0.007577
0.202611
0.272085
0.072639
0.006827
0.204242
0.273815
0.071496
0.007825
0.203977
0.273314
0.073562
0.008896
0.203552
0.272201
0.075053
0.005096
0.207164
0.276976
0.072413
0.007588
0.206633
0.276527
0.070635
0.010228
0.205111
0.274813
0.076594
0.004696
0.210727
0.280821
0.075801
0.004522
0.213561
0.282546
0.06914
0.012789
0.211032
0.28181
0.066969
0.017113
0.209522
0.282367
0.070823
0.013628
0.212313
0.285114
0.067807
0.016737
0.211871
0.284869
0.068862
0.016442
0.213062
0.286593
0.06941
0.016099
0.213834
0.287458
0.069773
0.015797
0.214672
0.288261
0.070172
0.015469
0.215484
0.289045
0.071589
0.013915
0.21738
0.290549
0.06883
0.017365
0.216475
0.290414
0.067843
0.018963
0.215923
0.290514
0.067128
0.020852
0.215318
0.291077
0.069755
0.017955
0.217601
0.292793
0.068169
0.019208
0.217633
0.292552
0.067223
0.021094
0.216958
0.292829
0.070105
0.018097
0.219019
0.294573
0.069613
0.018351
0.219168
0.2944
0.070091
0.017606
0.220176
0.295065
0.069729
0.018083
0.220001
0.294973
0.070854
0.017588
0.220629
0.294526
0.070943
0.016672
0.221795
0.296326
0.070974
0.016753
0.222347
0.296958
0.071257
0.016871
0.222517
0.296668
0.071842
0.015944
0.223704
0.298087
0.070993
0.017237
0.223242
0.298043
0.071747
0.016876
0.224123
0.297862
0.073022
0.0142
0.226502
0.300228
0.073561
0.014345
0.226518
0.300739
0.070985
0.018772
0.224144
0.300136
0.072327
0.018016
0.225602
0.298711
0.073014
0.015737
0.227937
0.302429
0.073581
0.015467
0.228707
0.301818
0.075255
0.012735
0.231495
0.30475
0.072765
0.017296
0.230083
0.305632
0.069124
0.023142
0.228559
0.306244
0.071339
0.020072
0.231106
0.307688
0.071108
0.020424
0.230988
0.30767
0.073283
0.018337
0.23332
0.304816
0.076474
0.012741
0.237073
0.310867
0.075014
0.015268
0.23594
0.310659
0.075187
0.015161
0.237068
0.311738
0.075717
0.014757
0.237914
0.310954
0.076977
0.01176
0.240437
0.31332
0.076235
0.013544
0.23931
0.312893
0.077328
0.012628
0.240669
0.311896
0.078762
0.010307
0.242252
0.314882
0.080601
0.007227
0.245494
0.312591
0.088602
0.010323
0.261604
0.307712
0.097328
0.017091
0.263733
0.324242
0.096546
0.010453
0.25891
0.324616
0.095147
0.006502
0.257673
0.324032
0.093181
0.006133
0.25911
0.327165
0.083935
0.006295
0.254961
0.324922
0.080826
0.010451
0.255001
0.327219
0.071335
0.024957
0.253471
0.330449
0.072784
0.025575
0.253443
0.332083
0.076591
0.020229
0.257001
0.333613
0.076826
0.021571
0.255744
0.333698
0.076911
0.022781
0.254755
0.333927
0.076705
0.023548
0.254376
0.334185
0.07653
0.021878
0.25696
0.333738
0.07681
0.02082
0.258452
0.335173
0.077088
0.020729
0.259127
0.336076
0.075614
0.024061
0.257935
0.336799
0.075075
0.024786
0.258038
0.3371
0.074283
0.025041
0.259073
0.336545
0.074327
0.024662
0.259813
0.337874
0.074367
0.024657
0.25983
0.337925
0.074649
0.026181
0.258783
0.33855
0.07447
0.024676
0.260853
0.336773
0.075176
0.023403
0.261817
0.338381
0.076686
0.020183
0.264216
0.339814
0.079457
0.018664
0.264478
0.340723
0.079352
0.018924
0.264692
0.340188
0.078045
0.021025
0.264048
0.340955
0.077538
0.020863
0.26505
0.341088
0.077636
0.020882
0.264973
0.341518
0.077806
0.020707
0.265175
0.340661
0.077948
0.02201
0.264012
0.341621
0.077541
0.022184
0.26461
0.341977
0.07687
0.02388
0.26383
0.342089
0.076501
0.023547
0.26478
0.341483
0.076825
0.020558
0.267836
0.341121
0.078614
0.020824
0.266977
0.343152
0.078873
0.020273
0.267745
0.34304
0.079171
0.020448
0.267836
0.343955
0.085014
0.012987
0.272254
0.346153
0.095019
0.001652
0.280051
0.347932
0.090732
0.014971
0.268474
0.348213
0.073589
0.029757
0.270087
0.348462
0.074199
0.030326
0.269746
0.349185
0.074652
0.030639
0.269675
0.349773
0.076017
0.028365
0.271978
0.350914
0.077098
0.026679
0.273545
0.351644
0.078056
0.025461
0.27471
0.352346
0.077416
0.027964
0.274182
0.353598
0.076642
0.027103
0.276173
0.353291
0.077294
0.027831
0.275683
0.354564
0.077404
0.026877
0.276887
0.354208
0.078429
0.025495
0.27809
0.355352
0.077826
0.028124
0.277838
0.357201
0.075383
0.031393
0.278978
0.359176
0.07526
0.031562
0.279239
0.359464
0.075257
0.031516
0.279975
0.360122
0.075548
0.031233
0.280792
0.360884
0.075527
0.029772
0.282291
0.360037
0.077701
0.027559
0.283201
0.361267
0.079177
0.026314
0.283474
0.361614
0.081168
0.023268
0.285167
0.361898
0.079837
0.026634
0.283441
0.362271
0.075682
0.031652
0.282111
0.361947
0.076329
0.030162
0.283738
0.362572
0.076586
0.030698
0.283371
0.362939
0.078661
0.02675
0.286111
0.363413
0.078675
0.027717
0.285378
0.363423
0.080628
0.024609
0.28739
0.364045
0.079404
0.027761
0.286086
0.36479
0.079695
0.025923
0.287721
0.364528
0.080714
0.025293
0.287746
0.364641
0.081124
0.024655
0.288305
0.364921
0.079789
0.028244
0.286353
0.365204
0.080035
0.026043
0.288951
0.365454
0.079979
0.026742
0.288481
0.365434
0.08064
0.026105
0.289034
0.366013
0.079286
0.029222
0.287673
0.366483
0.080914
0.024734
0.291454
0.366777
0.082148
0.02431
0.291217
0.367106
0.0817
0.025808
0.290423
0.367119
0.079072
0.029692
0.289796
0.368145
0.077898
0.030187
0.290485
0.368066
0.078034
0.031565
0.289924
0.368924
0.078373
0.03
0.291721
0.369283
0.077826
0.022946
0.298462
0.365628
0.083119
0.024454
0.294956
0.3702
0.080968
0.028353
0.295044
0.372563
0.079113
0.030478
0.294852
0.372503
0.076588
0.033492
0.295258
0.373742
0.076988
0.033688
0.295062
0.374062
0.078175
0.031413
0.296675
0.374333
0.080633
0.027581
0.298848
0.374619
0.080197
0.030156
0.297893
0.375874
0.079641
0.029901
0.298782
0.375712
0.080741
0.028688
0.29917
0.375703
0.079811
0.030822
0.298356
0.376244
0.080647
0.028152
0.30023
0.375852
0.080396
0.030265
0.299282
0.376806
0.077976
0.033302
0.298707
0.376899
0.078202
0.032357
0.300233
0.377447
0.078536
0.033114
0.299683
0.377938
0.079265
0.031326
0.301069
0.378019
0.080483
0.02967
0.301852
0.378127
0.081577
0.028383
0.302309
0.378156
0.084756
0.02303
0.305265
0.378188
0.083927
0.02722
0.303369
0.379816
0.079222
0.03354
0.301417
0.379421
0.077882
0.034615
0.301737
0.379721
0.077739
0.034489
0.302152
0.37987
0.078971
0.032151
0.303707
0.380075
0.080394
0.030403
0.304557
0.380289
0.079998
0.023809
0.31057
0.377957
0.083973
0.026373
0.306538
0.380527
0.084121
0.027436
0.306081
0.38153
0.082964
0.02773
0.306827
0.381478
0.080972
0.031058
0.305627
0.381799
0.079982
0.031502
0.305736
0.381188
0.081344
0.029975
0.306452
0.381427
0.082441
0.028574
0.307139
0.381566
0.082177
0.029853
0.306429
0.381613
0.082493
0.028942
0.307276
0.381862
0.085835
0.02316
0.310525
0.38192
0.085135
0.027753
0.308758
0.384075
0.081521
0.029611
0.31073
0.384389
0.081099
0.030156
0.311602
0.385098
0.080704
0.032882
0.310625
0.386296
0.080873
0.035485
0.308793
0.388287
0.079552
0.037148
0.308188
0.387073
0.078498
0.037016
0.308828
0.386573
0.077976
0.036368
0.309716
0.386443
0.07794
0.036001
0.310174
0.386526
0.079523
0.033499
0.311836
0.386945
0.081085
0.031547
0.312728
0.387137
0.082512
0.030184
0.313071
0.387193
0.081602
0.032665
0.311909
0.387696
0.081042
0.032287
0.312309
0.386953
0.081006
0.033075
0.31181
0.387046
0.080182
0.034395
0.311788
0.387703
0.07877
0.035831
0.312017
0.388083
0.07869
0.036066
0.312059
0.388233
0.078734
0.036061
0.312117
0.388322
0.079988
0.033599
0.31377
0.388486
0.080291
0.03458
0.31305
0.38897
0.080918
0.03273
0.314405
0.388864
0.080815
0.034099
0.313746
0.389464
0.082385
0.03048
0.316214
0.389292
0.082605
0.03145
0.315362
0.389459
0.082621
0.031991
0.315073
0.389944
0.082108
0.033071
0.314521
0.389956
0.080835
0.034851
0.313713
0.389569
0.078787
0.036295
0.314126
0.3897
0.079062
0.036433
0.314108
0.390044
0.080233
0.033922
0.315859
0.39017
0.080328
0.034279
0.315535
0.390193
0.080319
0.035226
0.315046
0.390663
0.080969
0.033466
0.316238
0.390487
0.080805
0.034606
0.315635
0.390898
0.079174
0.036156
0.315663
0.390974
0.078381
0.034303
0.317819
0.389666
0.078035
0.03108
0.320768
0.388959
0.080285
0.030833
0.319927
0.390876
0.082491
0.033015
0.316994
0.391646
0.082221
0.030903
0.318887
0.390583
0.083039
0.032182
0.317408
0.39142
0.081881
0.033397
0.317229
0.391629
0.080988
0.034442
0.316901
0.391474
0.079048
0.036793
0.31654
0.391666
0.078409
0.034876
0.31859
0.390217
0.08051
0.034807
0.317771
0.391941
0.080052
0.032761
0.319737
0.390724
0.081282
0.032043
0.319731
0.391861
0.082284
0.030735
0.320245
0.391226
0.08326
0.032161
0.318555
0.392072
0.0831
0.032611
0.318325
0.392189
0.08074
0.035397
0.317537
0.392077
0.078265
0.039266
0.315894
0.392229
0.076531
0.034715
0.320468
0.38877
0.078259
0.032452
0.32163
0.391123
0.080551
0.033762
0.319529
0.392128
0.080981
0.034345
0.318876
0.392323
0.082375
0.032532
0.319778
0.39253
0.080486
0.028952
0.323534
0.388741
0.085296
0.030329
0.320268
0.392663
0.085338
0.031281
0.319767
0.393385
0.08451
0.032081
0.31994
0.393783
0.082714
0.032369
0.320784
0.393009
0.083858
0.030777
0.321366
0.392897
0.083396
0.033498
0.319871
0.393599
0.082787
0.032868
0.320935
0.393222
0.083862
0.031389
0.321494
0.393064
0.08366
0.032442
0.320936
0.393153
0.081887
0.035193
0.320661
0.394161
0.08038
0.036997
0.320445
0.394212
0.079565
0.037708
0.320998
0.394857
0.07948
0.037882
0.32129
0.395233
0.07947
0.037982
0.321371
0.395367
0.079475
0.038013
0.321464
0.39548
0.079567
0.037903
0.322163
0.396099
0.079109
0.03523
0.324747
0.39505
0.080338
0.034745
0.324602
0.396001
0.081238
0.033049
0.325602
0.395377
0.082663
0.034005
0.324253
0.396485
0.081826
0.032294
0.326147
0.395083
0.086203
0.02809
0.327192
0.396353
0.086417
0.027489
0.327387
0.394882
0.0943
0.016325
0.33219
0.395595
0.094611
0.019382
0.329803
0.39554
0.095281
0.018751
0.329366
0.395461
0.094224
0.022388
0.326882
0.394897
0.093135
0.024034
0.32625
0.395255
0.08382
0.033362
0.323924
0.394075
0.079325
0.038466
0.3238
0.395123
0.079661
0.038822
0.324168
0.396182
0.07989
0.039305
0.324135
0.396664
0.078633
0.037297
0.326604
0.394733
0.0813
0.036816
0.326411
0.397362
0.081525
0.037201
0.326418
0.397971
0.081344
0.037704
0.326504
0.398321
0.080381
0.038469
0.327609
0.399291
0.080078
0.038728
0.328157
0.399756
0.080048
0.038796
0.328434
0.400052
0.080095
0.038889
0.328859
0.400587
0.08017
0.039011
0.329195
0.401052
0.08032
0.039039
0.33011
0.402029
0.080356
0.038942
0.330552
0.402374
0.08039
0.03889
0.330678
0.402474
0.080462
0.038815
0.330667
0.402455
0.08325
0.033872
0.333513
0.402344
0.083492
0.034446
0.332904
0.402389
0.083802
0.034808
0.332494
0.402727
0.084844
0.033224
0.332812
0.402289
0.084238
0.031746
0.334101
0.400473
0.085366
0.030881
0.334027
0.401553
0.085567
0.034108
0.330996
0.40155
0.083864
0.032324
0.333142
0.399638
0.08529
0.034405
0.32991
0.400321
0.084808
0.035061
0.329542
0.400288
0.081289
0.03757
0.32952
0.399711
0.080532
0.038907
0.329857
0.400742
0.080529
0.039196
0.33008
0.401173
0.080544
0.03918
0.330273
0.401344
0.079682
0.03669
0.332822
0.399782
0.08204
0.036888
0.331796
0.401553
0.082099
0.0377
0.331604
0.402228
0.082837
0.035325
0.333519
0.402248
0.084483
0.033469
0.334274
0.402337
0.084573
0.034579
0.333437
0.402383
0.083712
0.036274
0.333118
0.403262
0.085819
0.029026
0.337851
0.402281
0.086521
0.031371
0.335655
0.402311
0.086304
0.034083
0.333797
0.403189
0.082098
0.037803
0.332748
0.402217
0.083748
0.034119
0.336142
0.402821
0.084328
0.036139
0.334727
0.403756
0.083623
0.037093
0.334582
0.403856
0.081678
0.03515
0.337204
0.40179
0.082611
0.03431
0.337472
0.403111
0.085606
0.033471
0.336334
0.403385
0.085808
0.035295
0.334859
0.403673
0.085351
0.035852
0.334764
0.403869
0.081907
0.038529
0.334466
0.403174
0.082332
0.036795
0.336526
0.403722
0.082868
0.037839
0.335813
0.404392
0.081881
0.039034
0.336197
0.405024
0.081014
0.040158
0.336797
0.405871
0.080675
0.036734
0.340048
0.40525
0.082226
0.037026
0.339192
0.406097
0.082838
0.03812
0.338169
0.406522
0.083918
0.03583
0.339652
0.406423
0.084043
0.037134
0.338779
0.406935
0.083487
0.037953
0.338431
0.406848
0.083685
0.036309
0.339297
0.40606
0.083691
0.037538
0.338329
0.406336
0.081926
0.035703
0.34051
0.40393
0.084245
0.036356
0.338724
0.405633
0.084323
0.036656
0.33848
0.405761
0.085303
0.034817
0.339368
0.405513
0.086669
0.033278
0.339742
0.405296
0.085841
0.035709
0.33856
0.40586
0.081779
0.039418
0.338083
0.405376
0.081191
0.040701
0.338878
0.40688
0.081266
0.04082
0.33972
0.407805
0.081379
0.040489
0.34086
0.408625
0.081589
0.040367
0.341449
0.409214
0.081539
0.040381
0.341566
0.409293
0.08151
0.040443
0.341616
0.409372
0.081493
0.040482
0.341616
0.409392
0.080146
0.038024
0.344138
0.407161
0.080971
0.037
0.344723
0.40837
0.081605
0.034102
0.346813
0.407719
0.086569
0.034262
0.344329
0.409281
0.085658
0.03705
0.342408
0.409404
0.085065
0.03623
0.342141
0.407775
0.084398
0.037764
0.340515
0.407209
0.081823
0.041647
0.338425
0.406868
0.081385
0.040935
0.339258
0.406823
0.081093
0.040872
0.339549
0.406736
0.08429
0.035392
0.342957
0.406917
0.084906
0.037207
0.341715
0.407881
0.085301
0.035202
0.343257
0.407594
0.088456
0.031019
0.345196
0.407456
0.090411
0.030312
0.344399
0.407419
0.088361
0.034056
0.342267
0.407203
0.084171
0.037254
0.341619
0.406024
0.081064
0.041174
0.34195
0.407545
0.081413
0.04171
0.34193
0.408289
0.081664
0.0415
0.342604
0.408897
0.081792
0.040962
0.343955
0.409725
0.082237
0.040758
0.345032
0.410859
0.080897
0.038175
0.347766
0.408742
0.086202
0.036415
0.347064
0.411211
0.087477
0.034022
0.348162
0.410947
0.086228
0.036875
0.346362
0.410924
0.083297
0.039341
0.345533
0.409899
0.084941
0.035392
0.347058
0.408685
0.087245
0.034302
0.346872
0.408885
0.087221
0.035861
0.345942
0.409181
0.086723
0.036572
0.346182
0.410026
0.082999
0.040447
0.345716
0.409951
0.081926
0.041617
0.346762
0.411194
0.080279
0.04435
0.345572
0.411593
0.080116
0.043464
0.346654
0.411655
0.080771
0.039432
0.349799
0.411132
0.082889
0.040602
0.348106
0.412251
0.084415
0.03785
0.349799
0.412262
0.084657
0.038476
0.349208
0.412329
0.088035
0.033723
0.351533
0.412251
0.090137
0.032974
0.350599
0.412062
0.089624
0.032765
0.350326
0.411004
0.089105
0.034888
0.348605
0.410574
0.088407
0.034765
0.347867
0.409253
0.08821
0.035754
0.347061
0.409012
0.085244
0.038274
0.346463
0.408855
0.081707
0.043433
0.34342
0.408131
0.081272
0.042677
0.344765
0.408344
0.079864
0.045182
0.344465
0.409421
0.083639
0.038086
0.349158
0.409914
0.085865
0.036342
0.349771
0.410161
0.084212
0.026003
0.359019
0.406875
0.096617
0.026244
0.353439
0.410864
0.093259
0.031447
0.351832
0.411795
0.089198
0.034238
0.351601
0.410782
0.084155
0.034228
0.353723
0.408638
0.084727
0.03959
0.348818
0.409086
0.085931
0.037479
0.350461
0.409476
0.087733
0.035649
0.35146
0.409755
0.087094
0.037873
0.351471
0.411458
0.086835
0.042741
0.348001
0.41312
0.07997
0.044999
0.348675
0.410481
0.082544
0.041958
0.350767
0.411252
0.086333
0.03643
0.354336
0.411645
0.092877
0.029622
0.357357
0.412164
0.096664
0.025943
0.357978
0.411898
0.096826
0.023572
0.359467
0.410727
0.093164
0.031273
0.356087
0.411558
0.088835
0.031819
0.357775
0.409459
0.084394
0.038808
0.354885
0.409673
0.083332
0.043549
0.353264
0.411677
0.082997
0.043179
0.35475
0.412363
0.08356
0.043014
0.356424
0.414134
0.083799
0.042957
0.357589
0.415285
0.083775
0.042807
0.360125
0.417403
0.085608
0.039919
0.362087
0.417614
0.089319
0.033976
0.365446
0.417449
0.091264
0.032791
0.36519
0.417206
0.091467
0.037513
0.360139
0.416865
0.091153
0.034048
0.360352
0.413153
0.090122
0.032746
0.361161
0.41027
0.096329
0.029252
0.359387
0.410512
0.092847
0.033607
0.358812
0.411482
0.087431
0.037918
0.358036
0.410187
0.08288
0.044171
0.358966
0.413522
0.083304
0.045022
0.359619
0.415141
0.083215
0.044897
0.360614
0.415808
0.085082
0.041606
0.363272
0.416167
0.087255
0.038792
0.364899
0.416341
0.089238
0.036519
0.365942
0.416296
0.092356
0.030815
0.369266
0.415761
0.093975
0.031192
0.368051
0.415764
0.091282
0.032406
0.368317
0.414996
0.087548
0.037815
0.367339
0.415381
0.08397
0.041219
0.370098
0.41787
0.084596
0.044157
0.368256
0.419059
0.086555
0.041089
0.370211
0.41902
0.088774
0.03868
0.371265
0.418958
0.088162
0.040711
0.37033
0.419543
0.087268
0.04139
0.370119
0.419317
0.083404
0.046184
0.366568
0.418028
0.085599
0.043048
0.368697
0.418216
0.087267
0.039678
0.370889
0.41798
0.08782
0.04097
0.369701
0.41822
0.089427
0.037887
0.37146
0.417967
0.096274
0.030827
0.374416
0.417646
0.093991
0.03459
0.373372
0.418819
0.092942
0.034134
0.371719
0.415007
0.096866
0.032321
0.367349
0.411202
0.09568
0.031124
0.366737
0.408687
0.094386
0.035394
0.363138
0.407562
0.094477
0.040331
0.359595
0.410484
0.092901
0.046581
0.355727
0.412151
0.088224
0.041513
0.361825
0.408426
0.089166
0.038371
0.364988
0.408517
0.093256
0.032621
0.369119
0.408954
0.093794
0.035084
0.367258
0.409326
0.101069
0.021951
0.376056
0.409096
0.100488
0.029305
0.373303
0.412921
0.096823
0.033556
0.372182
0.412826
0.085163
0.04489
0.3646
0.409112
0.084911
0.04484
0.364914
0.409119
0.085422
0.044954
0.366264
0.41079
0.085562
0.045181
0.367231
0.411885
0.081453
0.038868
0.374699
0.406275
0.09018
0.039637
0.372042
0.412975
0.084074
0.030133
0.382476
0.404352
0.097063
0.033637
0.375455
0.41316
0.094946
0.031535
0.378707
0.411285
0.09396
0.035863
0.375603
0.413516
0.088715
0.039647
0.375374
0.412969
0.08802
0.041416
0.375489
0.414316
0.082731
0.03679
0.382411
0.408836
0.091713
0.039752
0.376698
0.415002
0.091475
0.040072
0.377105
0.415803
0.095765
0.031506
0.383001
0.41449
0.103388
0.024173
0.384904
0.413166
0.103698
0.028402
0.381485
0.41306
0.095162
0.035285
0.380313
0.412969
0.084958
0.045018
0.37855
0.413253
0.084011
0.047597
0.378574
0.414806
0.087048
0.044597
0.38139
0.415926
0.087008
0.045145
0.381288
0.416321
0.091523
0.039197
0.385531
0.416275
0.091009
0.036118
0.388357
0.41445
0.096083
0.0363
0.385437
0.415048
0.099091
0.033676
0.384962
0.412766
0.101197
0.030727
0.384734
0.410238
0.097913
0.034479
0.380928
0.407384
0.088816
0.043453
0.378256
0.406907
0.083407
0.050758
0.376674
0.409254
0.080064
0.052876
0.377273
0.410162
0.08091
0.051221
0.380367
0.411737
0.082999
0.053608
0.380392
0.416577
0.084622
0.048995
0.38518
0.41642
0.087159
0.045413
0.388211
0.416515
0.087421
0.045811
0.387789
0.416671
0.089505
0.04275
0.389773
0.416215
0.094654
0.037299
0.392717
0.415647
0.093789
0.034661
0.395572
0.413771
0.091735
0.030353
0.399997
0.411192
0.097935
0.037036
0.390502
0.414153
0.096528
0.039194
0.389698
0.414502
0.085294
0.049343
0.381484
0.410844
0.085143
0.048765
0.38285
0.411419
0.085378
0.048728
0.383193
0.411843
0.081409
0.04206
0.391429
0.405628
0.085436
0.040636
0.391888
0.409276
0.077925
0.022166
0.41242
0.393401
0.112177
0.022678
0.402417
0.41341
0.112607
0.023358
0.402236
0.414707
0.095661
0.039696
0.390853
0.409614
0.088061
0.044582
0.38966
0.408249
0.086474
0.048662
0.390111
0.411716
0.087906
0.042365
0.397515
0.410709
0.088798
0.036626
0.402899
0.406956
0.079631
0.01183
0.429865
0.388304
0.123329
0.014649
0.414093
0.409289
0.112154
0.024881
0.410037
0.408131
0.082413
0.046272
0.399841
0.39859
0.081681
0.054775
0.398622
0.406375
0.083739
0.054201
0.398799
0.407454
0.084244
0.053836
0.399154
0.407715
0.084617
0.053225
0.399826
0.407868
0.085
0.051648
0.402074
0.408133
0.085176
0.051531
0.402439
0.408457
0.089667
0.04439
0.408701
0.406532
0.090294
0.046247
0.406993
0.407458
0.089098
0.047512
0.406229
0.407074
0.087718
0.045436
0.407518
0.403325
0.092727
0.044156
0.404236
0.402043
0.091769
0.046702
0.401066
0.40169
0.091447
0.042636
0.402484
0.394977
0.094025
0.039784
0.40267
0.393213
0.093659
0.040301
0.402165
0.392722
0.09202
0.045241
0.398517
0.39361
0.086405
0.051393
0.399001
0.396145
0.084028
0.053705
0.40158
0.398628
0.081971
0.057008
0.400192
0.401252
0.083477
0.052786
0.405163
0.39978
0.084927
0.052892
0.404941
0.400862
0.086785
0.049329
0.408761
0.39956
0.09048
0.046501
0.410784
0.399007
0.091309
0.044079
0.413192
0.397012
0.092434
0.045251
0.411553
0.397697
0.092588
0.044571
0.410607
0.394616
0.096373
0.041164
0.409072
0.388806
0.095501
0.042137
0.406339
0.385216
0.089207
0.04899
0.402539
0.384756
0.085048
0.055423
0.399406
0.388492
0.082859
0.055311
0.400623
0.38753
0.082744
0.055238
0.401014
0.387634
0.083066
0.055126
0.401588
0.388195
0.084823
0.054655
0.404403
0.391013
0.085005
0.054188
0.407362
0.392713
0.084876
0.053691
0.411469
0.394955
0.084895
0.053723
0.411714
0.395198
0.084572
0.054287
0.412724
0.396266
0.081853
0.057903
0.409691
0.398164
0.081888
0.057063
0.410444
0.397851
0.083758
0.055486
0.411557
0.398282
0.084257
0.054932
0.412002
0.398296
0.084423
0.05441
0.412827
0.398471
0.082824
0.050626
0.417901
0.394748
0.087409
0.047322
0.420577
0.394227
0.089188
0.039869
0.428427
0.389669
0.102131
0.035996
0.427447
0.389165
0.099243
0.04132
0.424625
0.390401
0.084041
0.052531
0.415915
0.384458
0.080761
0.056062
0.416575
0.386066
0.081367
0.056757
0.416575
0.387336
0.081976
0.060159
0.412281
0.391552
0.079951
0.059284
0.413394
0.389559
0.080687
0.058641
0.41376
0.389675
0.080977
0.05421
0.420063
0.386819
0.087671
0.050891
0.424837
0.38837
0.08809
0.048104
0.428145
0.385121
0.083798
0.043522
0.436088
0.375425
0.096755
0.041763
0.432751
0.379139
0.098157
0.042314
0.433452
0.381633
0.097447
0.049406
0.425176
0.384932
0.083019
0.05787
0.416521
0.381432
0.082233
0.057758
0.417061
0.381343
0.082225
0.057863
0.417056
0.381338
0.084235
0.0512
0.426676
0.375514
0.083037
0.045851
0.435281
0.367135
0.084826
0.041209
0.441469
0.364805
0.095821
0.043965
0.435337
0.371436
0.093602
0.048289
0.436665
0.375072
0.089473
0.056377
0.428302
0.378199
0.079948
0.062315
0.418744
0.376532
0.081465
0.058864
0.424641
0.373752
0.082216
0.058959
0.425133
0.374689
0.078351
0.057496
0.429958
0.367506
0.077494
0.052871
0.436937
0.363792
0.090281
0.047487
0.443119
0.364062
0.090959
0.050571
0.446124
0.369369
0.08124
0.059466
0.446175
0.370971
0.078534
0.062345
0.444956
0.371094
0.078191
0.05859
0.456424
0.364197
0.083826
0.059505
0.455131
0.367811
0.08278
0.053444
0.465978
0.352225
0.080767
0.042661
0.486006
0.332054
0.090708
0.045729
0.475617
0.333326
0.097237
0.047084
0.472021
0.333881
0.092729
0.055509
0.468719
0.334495
0.082953
0.055881
0.473686
0.319261
0.080497
0.06
0.463918
0.315365
0.076214
0.056037
0.469866
0.300066
0.075946
0.059643
0.458209
0.296009
0.079774
0.060051
0.451062
0.296154
0.080979
0.061332
0.44659
0.293281
0.076418
0.069566
0.457061
0.300808
0.072277
0.071603
0.468463
0.297328
0.072059
0.07335
0.47358
0.299814
0.071382
0.074363
0.47607
0.301169
0.07005
0.076515
0.481088
0.304224
0.069486
0.07658
0.48326
0.304957
0.0694
0.076575
0.484118
0.305243
0.069452
0.076572
0.485111
0.305587
0.069736
0.076563
0.488524
0.306812
0.069723
0.076624
0.490259
0.307455
0.065599
0.077458
0.494607
0.298242
0.067655
0.075454
0.49726
0.299372
0.070442
0.075577
0.498482
0.300232
0.069074
0.077366
0.50041
0.301834
0.067485
0.076504
0.507832
0.294144
0.069382
0.07741
0.50847
0.294401
0.067467
0.079549
0.507996
0.295602
0.066434
0.079898
0.504766
0.294853
0.066866
0.079742
0.504125
0.29455
0.067032
0.079691
0.503779
0.294391
0.067079
0.07949
0.502702
0.293926
0.067103
0.079318
0.501694
0.293491
0.067294
0.079222
0.501211
0.293269
0.066778
0.077843
0.508942
0.284842
0.067591
0.076823
0.516576
0.276748
0.067598
0.079228
0.519784
0.278111
0.066494
0.080381
0.520867
0.278983
0.06397
0.080395
0.527301
0.270739
0.064802
0.080677
0.526525
0.270571
0.065292
0.081216
0.525617
0.270202
0.064779
0.082359
0.522511
0.270091
0.064014
0.082751
0.51993
0.269919
0.0623
0.081908
0.520863
0.259371
0.064049
0.082322
0.51949
0.258653
0.063383
0.083267
0.52186
0.260063
0.062851
0.083461
0.521806
0.260314
0.062897
0.083462
0.521946
0.260349
0.062992
0.08338
0.521945
0.260259
0.062004
0.082381
0.529862
0.251484
0.063124
0.082937
0.53165
0.251361
0.061419
0.082591
0.538506
0.243386
0.062225
0.083537
0.539052
0.243053
0.061075
0.0847
0.536731
0.243806
0.060611
0.084817
0.53362
0.243479
0.060834
0.084743
0.533284
0.243222
0.060917
0.084712
0.533063
0.2431
0.060995
0.084621
0.532294
0.242769
0.060902
0.08457
0.531352
0.242527
0.061018
0.084515
0.530803
0.242288
0.061066
0.084534
0.530603
0.242235
0.060913
0.084623
0.530712
0.242416
0.060834
0.084693
0.531032
0.242614
0.060864
0.084734
0.531502
0.242751
0.060916
0.084704
0.53189
0.24279
0.060906
0.084658
0.532126
0.242805
0.060876
0.084606
0.532291
0.242822
0.060914
0.084565
0.532476
0.242813
0.060949
0.084578
0.532689
0.242879
0.060895
0.084662
0.532935
0.243046
0.060895
0.084662
0.532935
0.243046
