0.000075
0.000203
0.007827
0.007597
0.00023
0.000583
0.007116
0.006616
0.000521
0.00064
0.008654
0.008325
0.00042
0.000372
0.008522
0.008355
0.000631
0.000375
0.00824
0.008208
0.000759
0.000409
0.007725
0.007763
0.000874
0.000257
0.008098
0.008353
0.000956
0.000369
0.008091
0.008294
0.001033
0.000241
0.0086
0.008976
0.001171
0.000244
0.008974
0.009452
0.001268
0.000152
0.009034
0.009655
0.001343
0.000223
0.009647
0.010252
0.001475
0.000303
0.009176
0.009804
0.00152
0.000232
0.009741
0.010456
0.001617
0.000227
0.010051
0.010833
0.002161
0.000441
0.011401
0.012319
0.001858
0.000369
0.010653
0.01148
0.00169
0.000519
0.009736
0.010276
0.001791
0.000241
0.010544
0.011436
0.001801
0.000523
0.010001
0.010606
0.001849
0.000373
0.010349
0.011149
0.00188
0.00037
0.010454
0.011264
0.00196
0.000237
0.010963
0.011971
0.002184
0.000017
0.012609
0.014026
0.002161
0.000524
0.010845
0.011662
0.002141
0.00047
0.010777
0.011638
0.002646
0.000371
0.011891
0.013155
0.003289
0.00078
0.024351
0.027603
0.002759
0.000524
0.012713
0.013898
0.002642
0.000418
0.012158
0.013346
0.00279
0.000217
0.01341
0.01498
0.002728
0.000425
0.01242
0.01365
0.003631
0.000051
0.020502
0.023255
0.003143
0.000046
0.016048
0.018078
0.003932
0.000155
0.019974
0.022903
0.003559
0.000453
0.014983
0.016649
0.003882
0.000104
0.018305
0.020811
0.003807
0.000033
0.017344
0.019896
0.003893
0.000228
0.01684
0.019481
0.003764
0.000021
0.016476
0.018615
0.004417
0.000274
0.02005
0.023274
0.003894
0.000021
0.017437
0.019604
0.00421
0.000047
0.018405
0.020976
0.004039
0.000066
0.017726
0.020081
0.004055
0.000143
0.017211
0.019287
0.005125
0.000033
0.022094
0.025564
0.004279
0.000219
0.019246
0.021947
0.005551
0.000176
0.023553
0.027543
0.00435
0.000214
0.020094
0.022631
0.004433
7.5621e-6
0.01922
0.021492
0.004441
0.000015
0.018991
0.021274
0.005044
0.000048
0.024038
0.026838
0.004754
0.00044
0.020662
0.023802
0.004637
0.000029
0.019851
0.022182
0.004621
1.4447e-7
0.019811
0.022177
0.004995
0.000077
0.02245
0.025077
0.007373
0.000061
0.025415
0.029028
0.004455
0.001137
0.020709
0.024192
0.004806
7.1799e-6
0.020491
0.022896
0.00474
0.000057
0.020538
0.022932
0.00542
0.000123
0.027431
0.03019
0.004921
0.000426
0.02241
0.025328
0.005072
0.000229
0.022193
0.02503
0.004937
0.000125
0.021429
0.02394
0.00511
0.000106
0.023952
0.026568
0.005771
0.000661
0.022836
0.02707
0.004994
0.00034
0.022564
0.025257
0.005098
0.00023
0.022407
0.02505
0.00505
0.000215
0.02222
0.024799
0.006654
0.001516
0.048938
0.050375
0.003819
0.001567
0.037707
0.039784
0.005515
0.0003
0.026334
0.028901
0.006109
0.000632
0.026068
0.029966
0.006149
0.000346
0.026305
0.029759
0.00593
0.000499
0.024956
0.028102
0.006524
0.000376
0.028148
0.031849
0.006758
0.000044
0.029707
0.033107
0.005672
0.0009
0.027743
0.030951
0.005845
0.000539
0.027294
0.030083
0.006313
0.000259
0.032835
0.034991
0.006354
0.001205
0.029527
0.03376
0.005989
0.000582
0.028242
0.031033
0.009037
0.00071
0.032503
0.03344
0.005558
0.000458
0.034827
0.036663
0.006845
0.001014
0.028651
0.033086
0.012181
0.004769
0.039505
0.041692
0.005312
0.00165
0.033477
0.03629
0.006428
0.000777
0.030907
0.03383
0.008275
0.003393
0.04766
0.046772
0.00659
0.00141
0.034758
0.038514
0.007896
0.001639
0.044967
0.04531
0.005727
0.001418
0.043027
0.043036
0.008763
0.000037
0.041993
0.046089
0.006528
0.001757
0.035362
0.039004
0.007488
0.000621
0.035624
0.038724
0.006593
0.001247
0.034461
0.037147
0.006668
0.001141
0.034366
0.036954
0.006854
0.000502
0.03705
0.038843
0.007903
0.000488
0.040839
0.042298
0.006756
0.001395
0.035996
0.03892
0.007091
0.000915
0.036215
0.038751
0.006766
0.001296
0.035574
0.038251
0.00679
0.001204
0.035446
0.03797
0.006976
0.000805
0.03669
0.038802
0.0079
0.000673
0.041697
0.042457
0.0073
0.001297
0.038238
0.041447
0.007463
0.000985
0.036674
0.039576
0.00734
0.000738
0.037538
0.039615
0.006889
0.001331
0.036684
0.039047
0.007433
0.00028
0.039409
0.040764
0.006948
0.001443
0.037287
0.039844
0.007529
0.000128
0.040924
0.041938
0.009234
0.000521
0.041681
0.044382
0.006844
0.001697
0.038733
0.04117
0.007438
0.001027
0.039083
0.041163
0.007675
0.000695
0.039963
0.041815
0.007049
0.001505
0.038683
0.04089
0.007247
0.001091
0.03978
0.041465
0.007058
0.001539
0.038837
0.04106
0.007073
0.001484
0.038779
0.040918
0.00733
0.001248
0.039585
0.040418
0.008456
0.000621
0.043765
0.043936
0.007572
0.001358
0.040948
0.043415
0.007896
0.000906
0.039921
0.042108
0.007351
0.001143
0.04036
0.041747
0.007175
0.001597
0.039722
0.041684
0.007154
0.001606
0.0398
0.041741
0.007536
0.000776
0.042176
0.043025
0.007765
0.000992
0.042249
0.043904
0.008777
3.4199e-6
0.043218
0.044797
0.008634
0.000213
0.044652
0.042336
0.008335
0.000752
0.04223
0.043288
0.007293
0.001735
0.041478
0.042938
0.00759
0.001189
0.042941
0.043761
0.00954
0.001409
0.048154
0.043185
0.011603
0.004969
0.052626
0.047575
0.007619
0.001458
0.045758
0.045811
0.007278
0.002058
0.043994
0.045595
0.007306
0.001985
0.043839
0.045302
0.00745
0.001814
0.04356
0.044922
0.0104
0.001799
0.048671
0.047573
0.007443
0.001475
0.047101
0.045972
0.007381
0.002171
0.044887
0.046244
0.008652
0.000286
0.04822
0.04518
0.008676
0.001067
0.046123
0.046671
0.007451
0.002163
0.045293
0.046475
0.007559
0.001971
0.045094
0.046017
0.007535
0.001992
0.044908
0.045836
0.007658
0.001708
0.045853
0.045125
0.01292
0.004091
0.052575
0.049533
0.00751
0.002329
0.046152
0.047002
0.009802
0.000492
0.049628
0.048342
0.009499
0.000087
0.049287
0.049013
0.007822
0.002028
0.0478
0.047842
0.008848
0.000931
0.048651
0.048114
0.007999
0.0018
0.048455
0.048141
0.007735
0.002241
0.04777
0.047802
0.007927
0.001801
0.048958
0.046978
0.010344
0.000784
0.051777
0.04932
0.008975
0.001096
0.050892
0.050171
0.007809
0.001638
0.053359
0.047024
0.008666
0.001273
0.053311
0.050202
0.008019
0.002261
0.052768
0.051554
0.012599
0.00244
0.055226
0.051834
0.007967
0.002207
0.052808
0.050981
0.008004
0.002618
0.051309
0.05022
0.010248
0.001867
0.059726
0.046357
0.008898
0.001473
0.054554
0.051187
0.009114
0.001443
0.054515
0.051954
0.00814
0.002711
0.05314
0.05144
0.010676
0.000087
0.054008
0.050728
0.008437
0.001641
0.055497
0.051643
0.008826
0.001761
0.054721
0.051235
0.009148
0.001199
0.056355
0.052457
0.012535
0.003298
0.063215
0.054714
0.008211
0.003033
0.055827
0.05343
0.009684
0.001346
0.057207
0.053257
0.009805
0.000652
0.058812
0.053823
0.011846
0.003186
0.066214
0.051009
0.012446
0.003871
0.066243
0.054982
0.010266
0.001103
0.065227
0.054525
0.00787
0.003059
0.065407
0.061436
0.00765
0.004337
0.060764
0.058764
0.008507
0.002957
0.061895
0.057391
0.013356
0.001826
0.063086
0.055483
0.011614
0.00006
0.062035
0.053729
0.011406
0.001457
0.065715
0.050806
0.012728
0.004291
0.067906
0.053006
0.007952
0.001445
0.065733
0.053766
0.007116
0.000902
0.072945
0.047097
0.008935
0.002612
0.06753
0.060683
0.0123
0.001918
0.072987
0.057348
0.014105
0.0042
0.074898
0.058326
0.008804
0.003792
0.066343
0.060299
0.009008
0.003698
0.065202
0.059761
0.009926
0.001336
0.068645
0.054965
0.009314
0.003113
0.060673
0.053297
0.008488
0.003641
0.061934
0.054218
0.010781
0.000855
0.065817
0.054435
0.009654
0.002444
0.064782
0.055203
0.009642
0.001687
0.067934
0.054261
0.010794
0.00068
0.072711
0.053168
0.011283
0.000099
0.070034
0.05711
0.009104
0.00358
0.065824
0.058601
0.00871
0.003903
0.06495
0.057411
0.009815
0.001755
0.067442
0.054843
0.010729
0.000796
0.067595
0.053642
0.011098
0.001098
0.065075
0.054195
0.010678
0.001455
0.064879
0.052808
0.008734
0.00363
0.063085
0.054233
0.011461
8.0598e-6
0.067723
0.053557
0.010629
0.001347
0.066428
0.054021
0.009614
0.002727
0.065813
0.054909
0.008795
0.003817
0.065679
0.057159
0.009117
0.003164
0.066772
0.055552
0.009977
0.002673
0.065494
0.05543
0.00884
0.003801
0.06461
0.05573
0.010158
0.000653
0.071769
0.050844
0.012085
0.000849
0.071071
0.05387
0.012699
0.001276
0.071481
0.053397
0.012664
0.000372
0.069286
0.055261
0.011176
0.00102
0.070321
0.055356
0.009103
0.003799
0.06841
0.059224
0.009236
0.003405
0.069093
0.057268
0.010404
0.001229
0.072753
0.05536
0.011605
0.000222
0.073799
0.055613
0.009439
0.003642
0.067495
0.05794
0.008852
0.004124
0.066598
0.057069
0.008932
0.003934
0.066129
0.055962
0.009038
0.00383
0.065943
0.05567
0.009052
0.003806
0.065955
0.055661
0.009034
0.003816
0.06595
0.055626
0.009017
0.003828
0.065939
0.055607
0.009013
0.003832
0.065918
0.055598
0.009011
0.003845
0.065847
0.055576
0.009011
0.003845
0.065847
0.055576
