0.000379
0.000428
0.004368
0.003565
0.000215
0.000155
0.008231
0.008105
0.000134
0.000594
0.006334
0.00575
0.000595
0.00055
0.009253
0.009967
0.00085
0.000495
0.007668
0.007668
0.000863
0.000543
0.00794
0.007907
0.000874
0.000542
0.007962
0.007937
0.001014
0.000115
0.008881
0.00936
0.001212
0.000175
0.008698
0.009284
0.003532
0.000199
0.015892
0.01796
0.001685
0.000691
0.009806
0.010211
0.001502
0.000482
0.009208
0.009658
0.002207
0.000422
0.015528
0.017496
0.001891
0.000544
0.010246
0.010882
0.002255
0.000079
0.013326
0.014776
0.002278
0.000113
0.012933
0.014604
0.002287
0.000473
0.01129
0.012236
0.002891
0.000314
0.016476
0.01817
0.002443
0.00072
0.009943
0.011954
0.002352
0.000246
0.012664
0.013781
0.003011
0.000086
0.016459
0.018452
0.002628
0.000045
0.011964
0.013456
0.002854
0.000304
0.013971
0.015489
0.002885
0.000194
0.012891
0.014511
0.002923
0.00028
0.013608
0.015166
0.002948
0.000223
0.013657
0.015306
0.002981
0.000224
0.013777
0.015388
0.002964
0.000309
0.013474
0.014985
0.004081
0.00033
0.015884
0.018132
0.002928
0.000385
0.014711
0.016788
0.003725
0.000034
0.014605
0.016622
0.003048
0.000354
0.014952
0.017074
0.00357
0.000315
0.017098
0.019054
0.003348
0.000343
0.014318
0.015945
0.003848
0.000111
0.018416
0.021157
0.003541
0.000153
0.015882
0.017818
0.003599
0.000093
0.015824
0.017867
0.00356
0.000207
0.015466
0.017346
0.004271
0.000213
0.020077
0.022705
0.003479
0.000385
0.015852
0.018133
0.004193
0.000336
0.019302
0.021652
0.003835
0.000213
0.016001
0.017954
0.004132
0.000241
0.018656
0.021519
0.003882
0.000018
0.017521
0.019658
0.00391
0.000155
0.016696
0.018691
0.004193
0.000293
0.016439
0.018507
0.003993
0.000386
0.019819
0.022548
0.004065
0.000034
0.018071
0.020333
0.004246
0.000011
0.018027
0.02044
0.004158
0.000019
0.01791
0.020204
0.004319
0.000022
0.018501
0.02093
0.004202
0.000018
0.018117
0.020415
0.004408
0.000052
0.018866
0.021309
0.004207
0.000126
0.018117
0.020524
0.004484
0.000189
0.019246
0.022041
0.004398
0.000155
0.018923
0.021556
0.004332
0.000071
0.018458
0.020668
0.004527
0.000094
0.019801
0.022178
0.004321
2.9331e-6
0.018657
0.020919
0.004444
0.000073
0.018869
0.021367
0.004749
0.000224
0.020796
0.023756
0.004481
0.000028
0.019265
0.021547
0.004448
7.9912e-7
0.018997
0.021311
0.004853
0.000101
0.021664
0.024252
0.004554
0.000282
0.020111
0.022859
0.012576
0.002039
0.026728
0.030313
0.003814
0.00172
0.031244
0.034329
0.004933
0.000313
0.020522
0.023327
0.005025
6.9044e-6
0.022504
0.024933
0.005142
0.000345
0.021829
0.024908
0.00558
0.000079
0.026098
0.029165
0.005159
0.000127
0.022273
0.024908
0.005224
0.000254
0.02218
0.025096
0.005495
0.000382
0.022425
0.025215
0.005446
0.000921
0.022968
0.026906
0.005138
0.00023
0.022521
0.025088
0.006362
0.000864
0.033278
0.035688
0.005503
0.0006
0.025776
0.029131
0.005415
0.000255
0.024421
0.027157
0.005287
0.000326
0.023645
0.026314
0.006486
0.000724
0.02976
0.032378
0.00534
0.000648
0.024552
0.02758
0.005607
0.000242
0.02507
0.027929
0.005441
0.000466
0.024829
0.027698
0.006209
0.000402
0.031617
0.034055
0.005578
0.001191
0.026968
0.030818
0.005914
0.000543
0.026137
0.029535
0.005592
0.000441
0.02547
0.028221
0.005792
0.000142
0.028331
0.030855
0.005714
0.000794
0.026592
0.029917
0.006171
0.000501
0.026369
0.029908
0.005844
0.000636
0.026017
0.029183
0.006022
0.000277
0.027734
0.030518
0.006026
0.000742
0.026995
0.030434
0.005759
0.000543
0.026685
0.029441
0.005765
0.000534
0.02673
0.02948
0.00639
0.000294
0.031211
0.033532
0.00627
0.000876
0.028897
0.032721
0.006412
0.000826
0.027532
0.031424
0.006564
0.000899
0.027726
0.030504
0.006001
0.000744
0.02742
0.030411
0.006267
0.000155
0.033341
0.035237
0.006921
0.001166
0.030239
0.034965
0.006094
0.000736
0.029731
0.032487
0.006125
0.000779
0.029406
0.032268
0.006346
0.000394
0.030872
0.03346
0.006629
0.000078
0.03466
0.036943
0.005916
0.001019
0.032564
0.03527
0.006211
0.000834
0.030503
0.033331
0.006622
0.000551
0.031136
0.033486
0.007326
0.000778
0.037
0.038744
0.006308
0.001208
0.032427
0.035768
0.006814
0.00009
0.036896
0.038802
0.006229
0.001168
0.036489
0.037774
0.006218
0.001419
0.034011
0.037132
0.007705
0.000446
0.032698
0.036646
0.006298
0.001141
0.03188
0.034648
0.00684
0.000167
0.035104
0.037019
0.006804
0.00096
0.033838
0.036927
0.006817
0.000945
0.03296
0.036028
0.006602
0.00094
0.033266
0.035887
0.006527
0.001042
0.033047
0.035731
0.008018
0.002161
0.043996
0.043608
0.006669
0.001439
0.03522
0.038518
0.007782
0.001454
0.044531
0.044198
0.006691
0.001728
0.0372
0.040568
0.007441
0.000899
0.037248
0.040293
0.007001
0.001285
0.035549
0.038497
0.007176
0.000875
0.035249
0.037716
0.006935
0.001042
0.036371
0.038636
0.007145
0.000828
0.037182
0.039403
0.007645
0.000283
0.041819
0.042539
0.006654
0.001551
0.03872
0.04094
0.007583
0.000333
0.038561
0.040154
0.007486
0.00075
0.038146
0.040358
0.007305
0.001084
0.03828
0.039666
0.01031
0.002619
0.0439
0.042448
0.006721
0.001672
0.038156
0.040269
0.007171
0.001044
0.039083
0.04078
0.007313
0.001218
0.038928
0.041165
0.007592
0.000606
0.040376
0.041879
0.008353
0.000188
0.040866
0.042936
0.007102
0.001639
0.039609
0.041938
0.008205
0.000128
0.042858
0.043658
0.008601
0.000194
0.042368
0.044459
0.007392
0.001468
0.041321
0.043364
0.008241
0.000547
0.041515
0.04337
0.008125
0.000036
0.043508
0.043804
0.008801
0.000058
0.043706
0.045115
0.007192
0.001819
0.041508
0.043327
0.007649
0.001114
0.042624
0.043798
0.008803
0.000414
0.045586
0.043906
0.012229
0.005239
0.051226
0.048531
0.007301
0.001365
0.044794
0.046325
0.007917
0.001151
0.04536
0.046115
0.008756
0.000574
0.045347
0.046678
0.00837
0.000548
0.046185
0.046301
0.007459
0.001941
0.043771
0.044972
0.007471
0.001935
0.043784
0.044981
0.007481
0.001899
0.043969
0.045107
0.015245
0.008042
0.057173
0.051328
0.007287
0.002508
0.045358
0.046592
0.009281
0.00009
0.048512
0.047717
0.008054
0.00163
0.047188
0.047791
0.009081
0.000129
0.050279
0.049075
0.008609
0.000733
0.050666
0.04971
0.007815
0.002059
0.047728
0.047825
0.01187
0.004635
0.059005
0.044653
0.009802
0.000129
0.052145
0.048871
0.00843
0.001012
0.053573
0.050654
0.009755
0.000168
0.05379
0.052135
0.010513
0.002201
0.06047
0.048271
0.007793
0.002587
0.053572
0.051593
0.007905
0.002453
0.052663
0.051063
0.009554
0.000917
0.053014
0.050846
0.008327
0.001888
0.053421
0.050112
0.008256
0.001541
0.054275
0.050673
0.008243
0.002211
0.053945
0.051295
0.008309
0.001837
0.055889
0.051239
0.007941
0.002692
0.055366
0.053042
0.008989
0.001168
0.057267
0.052369
0.009914
0.000038
0.057403
0.053543
0.012302
0.004201
0.064438
0.052627
0.008083
0.002881
0.055796
0.053683
0.009865
0.001208
0.054044
0.050552
0.008824
0.001243
0.055047
0.050092
0.008313
0.001695
0.055216
0.049275
0.007676
0.002221
0.057853
0.05249
0.008685
0.002136
0.055649
0.051878
0.008731
0.001702
0.057037
0.051696
0.011208
0.003158
0.06594
0.048297
0.008133
0.00307
0.057694
0.054136
0.009158
0.002183
0.055996
0.052647
0.009057
0.001211
0.05942
0.050869
0.009704
0.001404
0.058881
0.054335
0.008231
0.003198
0.058402
0.055264
0.008912
0.001518
0.061392
0.05328
0.009881
0.000772
0.060747
0.054433
0.010257
0.000086
0.062688
0.052126
0.01007
0.000841
0.059548
0.05409
0.007868
0.003264
0.058336
0.054189
0.008366
0.003139
0.056921
0.053355
0.008357
0.003013
0.05701
0.052887
0.008374
0.003023
0.057129
0.053073
0.008363
0.003029
0.057203
0.053136
0.008361
0.003026
0.057263
0.053187
0.00849
0.002453
0.058837
0.051991
0.009294
0.001242
0.060452
0.051535
0.010424
0.000084
0.063293
0.054623
0.008012
0.003032
0.062359
0.055215
0.008439
0.002862
0.061868
0.056469
0.011231
0.002101
0.069274
0.053654
0.007551
0.002428
0.066668
0.053837
0.007994
0.003647
0.061607
0.054802
0.008359
0.003387
0.060429
0.055139
0.008545
0.003202
0.059683
0.054229
0.010094
0.00018
0.066269
0.050523
0.010696
0.000159
0.0658
0.054322
0.00822
0.002745
0.068214
0.060127
0.007966
0.004244
0.063547
0.05839
0.009325
0.002278
0.064899
0.055458
0.010995
0.000434
0.064359
0.054803
0.01164
0.000614
0.064618
0.051873
0.008601
0.003254
0.059369
0.051734
0.008637
0.003288
0.062681
0.055
0.009584
0.002249
0.063899
0.054683
0.008625
0.003523
0.063406
0.056229
0.010212
0.001699
0.06443
0.054958
0.009296
0.002812
0.063545
0.055015
0.011187
0.000654
0.069512
0.053483
0.008856
0.003585
0.064382
0.05669
0.008537
0.003479
0.064764
0.055657
0.009547
0.002775
0.063537
0.054716
0.009049
0.003218
0.063595
0.055078
0.01203
0.00068
0.07114
0.056111
0.008654
0.004031
0.069272
0.061347
0.00848
0.004391
0.067297
0.059677
0.0088
0.003153
0.069762
0.055804
0.009987
0.002111
0.068504
0.05654
0.009902
0.002864
0.063363
0.053818
0.008594
0.0038
0.064277
0.054327
0.008926
0.003769
0.063501
0.05436
0.009421
0.002998
0.065473
0.05448
0.008959
0.003725
0.065426
0.055979
0.009678
0.002897
0.066346
0.055741
0.01032
0.002225
0.067615
0.056154
0.009332
0.003539
0.066535
0.056735
0.008983
0.003821
0.066459
0.056679
0.009887
0.002007
0.069848
0.054403
0.010705
0.001518
0.06902
0.055489
0.011432
0.000421
0.071045
0.053627
0.012207
0.000301
0.071381
0.054243
0.012862
0.001609
0.074551
0.052733
0.012307
0.000053
0.071425
0.055396
0.009193
0.003879
0.069364
0.058647
0.009883
0.002849
0.068257
0.054815
0.009173
0.003852
0.066802
0.055412
0.009119
0.003931
0.066774
0.055482
0.009797
0.001813
0.07251
0.051163
0.011768
0.000741
0.075961
0.050816
0.013787
0.003039
0.078652
0.051202
0.01387
0.000683
0.073913
0.056726
0.012326
0.000786
0.075234
0.057462
0.008978
0.004587
0.069732
0.058673
0.010113
0.00269
0.071913
0.055668
0.010658
0.002503
0.070347
0.055464
0.009243
0.004058
0.068394
0.055467
0.010604
0.002783
0.070022
0.055367
0.010447
0.002569
0.072027
0.055137
0.010641
0.002016
0.073849
0.055372
0.011216
0.001325
0.075609
0.055977
0.009533
0.00439
0.072563
0.060539
0.009501
0.004241
0.07246
0.059253
0.008923
0.004687
0.070115
0.056776
0.009191
0.004358
0.069632
0.055904
0.009601
0.003539
0.071227
0.054173
0.010961
0.002241
0.072163
0.05466
0.010686
0.002921
0.072584
0.056669
0.010246
0.003071
0.073975
0.055947
0.010262
0.002977
0.074726
0.057412
0.010161
0.002662
0.076879
0.055693
0.009624
0.004442
0.07376
0.059963
0.009932
0.004043
0.071985
0.05732
0.009376
0.004431
0.070553
0.055598
0.009951
0.003516
0.072287
0.054675
0.011073
0.001804
0.075761
0.052663
0.011146
0.002846
0.07479
0.05682
0.009324
0.004663
0.072128
0.057049
0.009348
0.004613
0.071309
0.056174
0.01023
0.00245
0.077014
0.051679
0.011462
0.001718
0.075934
0.053548
0.011814
0.001366
0.076628
0.052605
0.012256
0.001717
0.076994
0.056122
0.010077
0.00414
0.073719
0.057306
0.009817
0.004233
0.073341
0.055851
0.009593
0.004534
0.072348
0.055509
0.010903
0.00127
0.080833
0.047386
0.014163
0.00192
0.08253
0.047894
0.015477
0.002462
0.081482
0.048582
0.01566
0.001621
0.078474
0.050129
0.015593
0.00117
0.078864
0.052506
0.009735
0.004841
0.073647
0.055895
0.01028
0.004227
0.074548
0.055119
0.010512
0.003674
0.076468
0.054033
0.010221
0.004324
0.07502
0.055569
0.010134
0.004053
0.076625
0.054505
0.010093
0.004635
0.075134
0.05599
0.009815
0.004893
0.075469
0.056998
0.009818
0.004887
0.074724
0.056258
0.010424
0.004179
0.073213
0.052916
0.010175
0.004461
0.073357
0.053517
0.010196
0.004007
0.075715
0.052438
0.010888
0.003861
0.075523
0.054308
0.009766
0.004921
0.075828
0.056005
0.011445
0.003338
0.074481
0.052178
0.009738
0.004856
0.076422
0.055393
0.011489
0.003345
0.075122
0.052259
0.011469
0.003094
0.076966
0.051507
0.010811
0.004052
0.076893
0.053972
0.009735
0.005269
0.074968
0.054957
0.010455
0.004484
0.075102
0.053268
0.009802
0.005044
0.075496
0.054056
0.010713
0.004181
0.075017
0.052274
0.010617
0.004371
0.074804
0.052583
0.010559
0.004329
0.076305
0.053095
0.010463
0.004578
0.076731
0.054303
0.009951
0.005122
0.07843
0.056508
0.00997
0.005193
0.076513
0.05518
0.011423
0.003683
0.076141
0.051336
0.009942
0.00505
0.078149
0.054836
0.009941
0.005178
0.075585
0.053277
0.010682
0.003951
0.079189
0.050519
0.011201
0.004023
0.077761
0.052913
0.009731
0.005358
0.07903
0.05535
0.010042
0.005166
0.075573
0.052794
0.010691
0.00454
0.076507
0.052138
0.011573
0.003675
0.078887
0.052154
0.012043
0.003217
0.083023
0.053581
0.010907
0.004592
0.083505
0.056172
0.010066
0.005601
0.07815
0.053921
0.010051
0.005613
0.076543
0.052393
0.009882
0.005643
0.076385
0.051529
0.010618
0.004947
0.077323
0.050648
0.010173
0.005372
0.078412
0.052332
0.011558
0.004016
0.079809
0.050227
0.010425
0.00514
0.080821
0.052973
0.00989
0.005607
0.080871
0.053395
0.011042
0.004623
0.077095
0.048862
0.011071
0.004599
0.077045
0.047829
0.010079
0.005666
0.077292
0.050731
0.01002
0.005723
0.077321
0.05079
0.010707
0.005037
0.078345
0.049745
0.011042
0.004678
0.0793
0.048934
0.011094
0.004714
0.079538
0.04896
0.010045
0.005853
0.078148
0.050798
0.010626
0.00528
0.075219
0.046136
0.01014
0.005781
0.077611
0.049408
0.01056
0.005401
0.07942
0.049732
0.010879
0.005084
0.079983
0.048721
0.010256
0.005777
0.078704
0.049563
0.010084
0.005937
0.07737
0.048664
0.012016
0.004191
0.079868
0.045275
0.010233
0.005822
0.083295
0.050743
0.011022
0.005152
0.078761
0.045598
0.010644
0.005622
0.07751
0.046271
0.009973
0.006242
0.078258
0.047799
0.010729
0.005588
0.077731
0.045521
0.010164
0.006108
0.078982
0.047389
0.009991
0.006268
0.079053
0.047711
0.010099
0.006209
0.077873
0.047045
0.010378
0.005805
0.079605
0.045591
0.011022
0.005164
0.080829
0.04438
0.01117
0.005309
0.079821
0.045416
0.010713
0.005702
0.080543
0.04661
0.010163
0.006239
0.078584
0.04631
0.010109
0.006317
0.077861
0.045948
0.010075
0.006352
0.07802
0.04616
0.010062
0.006369
0.078119
0.046313
0.010059
0.006368
0.078055
0.04623
0.010083
0.006345
0.077908
0.046059
0.010087
0.006341
0.077904
0.046059
0.010082
0.006347
0.077924
0.046091
0.010057
0.006371
0.078063
0.046243
0.01005
0.006378
0.078126
0.046322
0.010066
0.006364
0.078006
0.046189
0.010081
0.006346
0.077911
0.046062
0.010064
0.006365
0.078015
0.046199
0.010061
0.006368
0.078061
0.046257
0.010053
0.006376
0.078096
0.046295
0.01005
0.006376
0.078089
0.046273
0.010062
0.006366
0.078034
0.046215
0.010079
0.006349
0.077936
0.046104
0.010079
0.006348
0.077937
0.046085
0.010072
0.006354
0.077942
0.046098
0.010071
0.006355
0.077994
0.046154
0.010066
0.006361
0.078083
0.046261
0.010058
0.00637
0.078094
0.046269
0.010072
0.006355
0.077982
0.046143
0.010064
0.006363
0.078027
0.046185
0.010059
0.006371
0.07806
0.046264
0.010058
0.006371
0.078071
0.046267
0.010069
0.006358
0.077982
0.04616
0.010073
0.006355
0.077927
0.046085
0.010079
0.006352
0.077923
0.046108
0.010056
0.00637
0.078034
0.046204
0.01006
0.00637
0.078053
0.046246
0.010064
0.006368
0.078026
0.046235
0.010065
0.006365
0.078034
0.046224
0.010058
0.006369
0.078032
0.04621
0.010058
0.006369
0.078032
0.04621
