0.00008
0.000104
0.000575
0.000468
0.000039
0.000701
0.001919
0.001917
0.000256
0.000148
0.001855
0.001417
0.000376
0.000159
0.00224
0.001758
0.000287
0.00017
0.001915
0.001488
0.00043
0.000036
0.002082
0.001576
0.000359
0.000022
0.002486
0.001891
0.000512
0.000426
0.002374
0.002005
0.000753
2.6022e-6
0.003059
0.002494
0.000428
0.000512
0.00334
0.002764
0.000815
0.00029
0.003313
0.002755
0.003309
0.000713
0.009077
0.007249
0.001326
0.000328
0.006924
0.005656
0.00069
0.000896
0.004788
0.004252
0.000891
0.000671
0.004516
0.003917
0.00083
0.001443
0.00462
0.004677
0.000942
0.000996
0.003639
0.003564
0.001187
0.001131
0.005326
0.005148
0.00118
0.000735
0.003951
0.003387
0.001398
0.001218
0.007212
0.007374
0.001262
0.000788
0.004435
0.003792
0.001599
0.002203
0.007632
0.010689
0.001397
0.000098
0.005193
0.003014
0.00116
0.001669
0.006915
0.007534
0.001112
0.000945
0.00506
0.003918
0.001443
0.001086
0.006355
0.005769
0.001568
0.001239
0.006336
0.006633
0.001072
0.002121
0.005812
0.007229
0.00177
0.000818
0.007385
0.006226
0.001882
0.001124
0.008513
0.008572
0.00196
0.000648
0.007381
0.006136
0.001679
0.00085
0.007793
0.005899
0.003554
0.002705
0.014699
0.000668
0.001847
0.001662
0.010761
0.011448
0.003387
0.001404
0.013981
0.005859
0.001667
0.00108
0.007785
0.005732
0.005337
0.004466
0.016866
0.0005
0.005397
0.002639
0.017081
0.010508
0.000822
0.001856
0.012146
0.009151
0.003965
0.000932
0.00971
0.00488
0.002226
0.001076
0.010369
0.009053
0.002291
0.000793
0.01052
0.007333
0.002196
0.00106
0.011247
0.009091
0.002665
0.000245
0.009317
0.004986
0.002239
0.001024
0.012949
0.010104
0.002627
0.000606
0.010822
0.007589
0.002028
0.001003
0.010006
0.00637
0.003037
0.000206
0.013402
0.008327
0.00225
0.000772
0.009695
0.005607
0.003321
0.001141
0.014326
0.002453
0.002306
0.001109
0.016845
0.011938
0.002201
0.001349
0.012962
0.010848
0.001966
0.00109
0.009954
0.005458
0.003287
3.4751e-6
0.013752
0.007144
0.002686
0.000691
0.015783
0.010404
0.00212
0.001117
0.010646
0.006187
0.002926
0.00034
0.011867
0.005328
0.003324
0.000022
0.014564
0.007048
0.002187
0.001129
0.014717
0.00852
0.002109
0.001196
0.01055
0.005382
0.003223
0.000135
0.012637
0.003811
0.003695
0.000221
0.017394
0.004032
0.00237
0.001124
0.015135
0.005448
0.002089
0.001466
0.011059
0.00391
0.000191
0.001559
0.008549
0.006487
0.000039
0.001039
0.011685
0.005039
0.000125
0.000848
0.010014
0.005806
0.000212
0.000515
0.008546
0.006188
0.000219
0.000534
0.008258
0.006335
0.000233
0.000516
0.008337
0.006252
0.000224
0.000522
0.008256
0.006313
0.000229
0.000517
0.00827
0.006292
0.00023
0.000516
0.008269
0.006289
0.00023
0.000516
0.008261
0.006294
0.000231
0.000514
0.008268
0.006287
0.00023
0.000516
0.008263
0.006293
0.000231
0.000516
0.008269
0.006289
0.00023
0.000516
0.008268
0.006292
0.00023
0.000517
0.008268
0.006292
0.00023
0.000516
0.008266
0.006292
0.00023
0.000515
0.008265
0.006291
0.000231
0.000515
0.008265
0.00629
0.00023
0.000516
0.008261
0.006295
0.000231
0.000515
0.008269
0.006289
0.00023
0.000517
0.008265
0.006294
0.000229
0.000517
0.008265
0.006295
0.00023
0.000516
0.008266
0.006293
0.00023
0.000515
0.008269
0.00629
0.00023
0.000516
0.008265
0.006291
0.00023
0.000515
0.008265
0.006291
0.000231
0.000515
0.00827
0.006288
0.00023
0.000516
0.008265
0.006295
0.00023
0.000516
0.008265
0.006295
