0.00008
0.000104
0.000575
0.000468
0.000014
0.000106
0.000569
0.00048
0.000146
0.000028
0.002054
0.001913
0.000617
0.000051
0.003902
0.002967
0.000867
0.000944
0.002649
0.003098
0.000266
0.000166
0.001308
0.001004
0.000905
0.000064
0.002508
0.002331
0.000677
0.000065
0.002374
0.002146
0.001067
0.000297
0.0019
0.00126
0.001921
0.000196
0.006417
0.003249
0.003777
0.000554
0.01023
0.009807
0.004382
0.001489
0.015208
0.014657
0.001229
0.000503
0.004512
0.003568
0.000633
0.000358
0.003409
0.002806
0.000903
8.5609e-6
0.002919
0.002343
0.000716
0.000651
0.003057
0.002811
0.001539
0.000235
0.003835
0.00197
0.002311
0.000565
0.005693
0.00308
0.000978
0.00016
0.005135
0.003827
0.000972
0.000342
0.003903
0.00319
0.000915
0.000576
0.003753
0.00315
0.001064
0.000372
0.003112
0.002577
0.001884
0.000724
0.006309
0.002994
0.003304
0.001072
0.00895
0.006359
0.003808
0.000421
0.010906
0.010347
0.001463
0.000075
0.004705
0.003767
0.003117
0.000929
0.007702
0.005023
0.001384
0.000047
0.005795
0.004473
0.002312
0.000863
0.007568
0.003663
0.001209
0.000483
0.005308
0.004304
0.001168
0.00082
0.003804
0.003364
0.002648
0.001273
0.007635
0.004004
0.001168
0.001199
0.004659
0.004466
0.001231
0.001051
0.003936
0.003779
0.002864
0.001246
0.007884
0.004737
0.001197
0.000925
0.004419
0.003767
0.003673
0.002633
0.010646
0.004153
0.004708
0.003093
0.012962
0.007809
0.001543
0.000437
0.006504
0.005119
0.001464
0.001215
0.005151
0.005513
0.003069
0.00206
0.011121
0.002119
0.004487
0.003994
0.01463
0.002256
0.008114
0.006758
0.019168
0.011443
0.001547
0.00044
0.005796
0.003811
0.005925
0.005985
0.01746
0.001479
0.006783
0.005953
0.018599
0.007414
0.003838
0.00175
0.015794
0.012418
0.003928
0.00132
0.009796
0.005579
0.003804
0.00108
0.005225
0.000851
0.00372
0.001956
0.007027
0.001402
0.004992
0.004913
0.013209
0.003792
0.008667
0.010747
0.023547
0.006381
0.007494
0.007992
0.018573
0.001789
0.00293
0.001153
0.010139
0.007055
0.002575
0.001431
0.01414
0.002326
0.002274
0.001056
0.008465
0.008585
0.004739
0.003315
0.01145
0.001067
0.007783
0.007334
0.014008
0.00414
0.005363
0.003597
0.009763
0.001866
0.002304
0.000414
0.010109
0.006575
0.004905
0.003019
0.013626
0.003874
0.005015
0.003282
0.015146
0.002896
0.001787
0.001219
0.009182
0.006833
0.004391
0.002733
0.013711
0.001073
0.002083
0.001117
0.010471
0.008599
0.001993
0.001003
0.010115
0.007311
0.003335
0.000744
0.010863
0.004704
0.002045
0.001066
0.010411
0.007762
0.00347
0.001157
0.014013
0.005055
0.004877
0.002881
0.016201
0.003488
0.005836
0.003595
0.017225
0.004106
0.002253
0.001416
0.012026
0.011309
0.001985
0.000944
0.009781
0.005635
0.00405
0.002087
0.015016
0.001068
0.005378
0.003187
0.015734
0.001955
0.002008
0.001494
0.017899
0.01452
0.00204
0.000996
0.009947
0.005884
0.002647
0.000499
0.011603
0.006738
0.002179
0.001096
0.011965
0.008589
0.00205
0.001042
0.010032
0.006025
0.002546
0.000627
0.011953
0.00702
0.002151
0.001101
0.011897
0.00816
0.002063
0.001046
0.010243
0.006016
0.002423
0.000765
0.011763
0.006966
0.002655
0.00066
0.013374
0.008565
0.002346
0.000825
0.01045
0.005768
0.002168
0.000988
0.010392
0.005795
0.003118
0.000151
0.013233
0.006585
0.003505
0.000075
0.015339
0.008801
0.002086
0.001182
0.010724
0.006169
0.002216
0.001039
0.011072
0.006044
0.002136
0.001111
0.011035
0.00612
0.002449
0.000646
0.011795
0.004906
0.002909
0.000016
0.013089
0.003478
0.003522
0.000579
0.01348
0.00311
0.002362
0.001036
0.015671
0.010024
0.00231
0.000938
0.010479
0.005107
0.002123
0.001163
0.011161
0.006091
0.002135
0.001148
0.010946
0.005909
0.00212
0.001165
0.010959
0.005955
0.002225
0.000987
0.011469
0.005448
0.004177
0.000811
0.013247
0.002129
0.002398
0.000945
0.015071
0.007071
0.002119
0.001221
0.011885
0.005654
0.00305
0.000367
0.012385
0.003458
0.002732
0.000754
0.015758
0.005561
0.002369
0.001123
0.014226
0.005391
0.002659
0.003761
0.003117
0.017044
0.001945
0.002946
0.006623
0.013739
0.000118
0.000783
0.014621
0.003927
0.000246
0.000932
0.007139
0.008499
0.000124
0.00047
0.008632
0.006695
0.000076
0.000511
0.008391
0.006919
0.000086
0.0005
0.008434
0.006867
0.000081
0.000505
0.0084
0.006896
0.000081
0.000503
0.008394
0.006898
0.000085
0.0005
0.008397
0.006884
0.000087
0.000497
0.008407
0.006873
0.000085
0.0005
0.008396
0.006884
0.000085
0.0005
0.008404
0.00688
0.000085
0.0005
0.008408
0.006879
0.000083
0.000502
0.008402
0.006888
0.000084
0.000501
0.008405
0.006886
0.000402
0.000313
0.010255
0.008156
0.000354
0.000513
0.009478
0.008738
0.000318
0.000459
0.009529
0.00876
0.000353
0.000391
0.009904
0.008688
0.000595
0.000265
0.011254
0.009474
0.000677
0.000322
0.011418
0.009995
0.000692
0.000356
0.01132
0.01053
0.000624
0.000219
0.012627
0.009937
0.000149
0.000411
0.015254
0.006314
0.000651
0.000872
0.017522
0.003793
0.001509
0.001534
0.020933
0.000319
0.002072
0.00198
0.023071
0.003006
0.002308
0.00227
0.025098
0.004389
0.003442
0.003016
0.028889
0.009396
0.004549
0.003592
0.028175
0.013167
0.00208
0.000882
0.009234
0.002841
0.001794
0.000767
0.007862
0.004105
0.001621
0.000615
0.006854
0.005129
0.001248
0.000273
0.004662
0.007418
0.002926
0.000025
0.003122
0.009067
0.00292
0.000018
0.003075
0.009064
0.00292
0.000019
0.003074
0.009062
0.00292
0.000018
0.003074
0.009064
0.00292
0.000018
0.003073
0.009064
0.00292
0.000018
0.003073
0.009065
0.00292
0.000018
0.003072
0.009065
0.00292
0.000018
0.003071
0.009066
0.00292
0.000018
0.003071
0.009065
0.00292
0.000018
0.003071
0.009067
0.00292
0.000018
0.003071
0.009066
0.00292
0.000018
0.003071
0.009066
0.00292
0.000018
0.003071
0.009066
0.00292
0.000018
0.003071
0.009067
0.00292
0.000018
0.003071
0.009067
