0.00008
0.000102
0.000572
0.000466
0.000083
0.000108
0.000623
0.000515
0.000154
0.000117
0.001638
0.001551
0.000103
0.000118
0.000849
0.000659
0.000122
0.0001
0.000959
0.000768
0.000123
0.000101
0.000958
0.000767
0.000089
9.7908e-6
0.001484
0.001199
0.00027
0.000095
0.001285
0.001041
0.000684
0.000053
0.002429
0.00167
0.000479
0.000066
0.00193
0.001624
0.000318
0.000134
0.001568
0.001269
0.000488
0.000055
0.002384
0.00198
0.000464
0.000094
0.001844
0.001434
0.0004
0.000075
0.001884
0.001495
0.000393
0.000011
0.002199
0.001678
0.000506
0.000119
0.00196
0.001535
0.000503
0.000148
0.002496
0.002013
0.000352
0.00017
0.003042
0.002326
0.000488
0.000555
0.003366
0.002653
0.000819
0.000014
0.002337
0.001758
0.002003
0.000213
0.00531
0.003697
0.002321
0.001042
0.005066
0.006787
0.001308
0.00101
0.003705
0.002379
0.001969
0.000405
0.004753
0.004408
0.002331
0.000361
0.008219
0.0052
0.001045
0.0001
0.003454
0.002518
0.002318
0.000546
0.00618
0.003471
0.003174
0.00013
0.00746
0.007616
0.002633
0.001267
0.008826
0.010998
0.00136
0.001662
0.00506
0.00412
0.002174
0.0004
0.004478
0.003057
0.002157
0.000088
0.002987
0.003667
0.002114
0.00062
0.005039
0.000381
0.001253
0.000337
0.004871
0.003979
0.001262
0.000745
0.003182
0.00314
0.001321
0.000731
0.005087
0.004717
0.002159
0.000498
0.006231
0.003232
0.003378
0.001314
0.008284
0.005866
0.00345
0.001738
0.011691
0.006817
0.001423
0.000189
0.004807
0.003358
0.001394
0.000812
0.005978
0.005534
0.001393
0.000405
0.004608
0.003462
0.002086
0.000585
0.006743
0.003421
0.003838
0.0031
0.012862
0.003352
0.00354
0.000419
0.009127
0.01045
0.002689
0.000159
0.008019
0.004185
0.002327
0.000322
0.005473
0.005845
0.002916
0.001875
0.010208
0.001494
0.005015
0.003639
0.012163
0.00552
0.001301
0.001038
0.005498
0.004973
0.005203
0.005496
0.017645
0.000656
0.006174
0.004089
0.014501
0.011004
0.00249
0.000677
0.016353
0.011546
0.001897
0.000229
0.014704
0.012237
0.001273
0.000747
0.007645
0.005189
0.00161
0.001067
0.006797
0.006052
0.00176
0.000739
0.00674
0.005743
0.001884
0.000699
0.007273
0.006225
0.00169
0.000799
0.007056
0.005623
0.001831
0.000803
0.007765
0.006488
0.001702
0.000957
0.007761
0.006303
0.001753
0.000952
0.007931
0.006495
0.001718
0.000885
0.007797
0.005911
0.001768
0.000933
0.008312
0.006536
0.00184
0.000713
0.007652
0.005418
0.001996
0.000855
0.009381
0.007899
0.001906
0.00089
0.008761
0.007022
0.001798
0.000927
0.008625
0.00642
0.001822
0.000912
0.008901
0.00659
0.001956
0.000995
0.009728
0.008019
0.001805
0.000958
0.008824
0.00636
0.001918
0.001092
0.010568
0.008619
0.001969
0.000915
0.009601
0.007078
0.001947
0.000915
0.00944
0.006829
0.001895
0.0011
0.009961
0.007595
0.00182
0.001131
0.009872
0.007081
0.001887
0.001199
0.010508
0.008105
0.001782
0.001239
0.010406
0.007348
0.003024
0.000134
0.011326
0.007342
0.002369
0.000755
0.009104
0.006106
0.003885
0.001452
0.010667
0.002693
0.002256
0.000737
0.011893
0.007723
0.001991
0.001068
0.00996
0.006544
0.002097
0.001081
0.01146
0.008182
0.002088
0.000923
0.009914
0.006123
0.002075
0.001136
0.012306
0.008586
0.002133
0.000994
0.010552
0.007077
0.00202
0.001004
0.009718
0.005757
0.002366
0.000747
0.011389
0.00694
0.00258
0.000668
0.012454
0.008268
0.002642
0.00072
0.013708
0.009602
0.00189
0.001248
0.010147
0.006275
0.002553
0.000637
0.011602
0.006531
0.00241
0.000874
0.012838
0.008502
0.002134
0.001092
0.011142
0.007092
0.002676
0.000527
0.010753
0.005422
0.002231
0.001033
0.012728
0.008118
0.0028
0.000177
0.014234
0.006471
0.002189
0.001253
0.014542
0.009886
0.002734
0.000532
0.010513
0.004881
0.002454
0.000872
0.012227
0.00664
0.002307
0.001058
0.012254
0.007181
0.002196
0.001124
0.011584
0.00602
0.00222
0.001153
0.01203
0.006588
0.002347
0.001027
0.012529
0.006506
0.002147
0.001253
0.011841
0.006049
0.002054
0.001341
0.011132
0.005436
0.002235
0.001175
0.011227
0.005019
0.002426
0.001004
0.012076
0.004861
0.002307
0.001135
0.012354
0.005171
0.002369
0.001091
0.011776
0.004336
0.002087
0.001422
0.011753
0.005069
0.002064
0.001451
0.011228
0.00462
0.002071
0.001449
0.0112
0.004615
0.002171
0.001367
0.011524
0.004328
0.002224
0.001333
0.011878
0.004199
0.002276
0.001303
0.011812
0.003828
0.001196
0.002124
0.008579
0.010453
0.000776
0.001585
0.010649
0.008338
0.000081
0.000926
0.010461
0.006687
0.000196
0.000808
0.008579
0.007916
9.1282e-6
0.000487
0.008272
0.007205
0.00005
0.000454
0.008346
0.007079
0.000078
0.000455
0.008438
0.00697
0.000046
0.000485
0.008447
0.007062
0.00004
0.000491
0.008451
0.007081
0.000044
0.000489
0.008472
0.007062
0.000041
0.00049
0.008457
0.007076
0.000042
0.00049
0.008454
0.007075
0.000044
0.000487
0.008463
0.007065
0.000043
0.000489
0.008453
0.007073
0.000044
0.000487
0.008467
0.007062
0.000044
0.000487
0.008467
0.007062
