0.000708
0.000916
0.005265
0.004337
0.00104
0.000916
0.01311
0.014035
0.003358
0.001688
0.009791
0.012431
0.002806
0.001453
0.011922
0.013838
0.001989
0.001018
0.009032
0.009318
0.003265
9.1804e-6
0.016858
0.018339
0.002675
0.000436
0.012283
0.013141
0.006237
0.000195
0.011951
0.01499
0.004938
0.000167
0.02431
0.026441
0.004618
0.00054
0.018728
0.020451
0.005376
0.000716
0.020868
0.022785
0.006096
0.000349
0.026604
0.029057
0.009903
0.001722
0.023171
0.028261
0.021934
0.008209
0.026483
0.043405
0.01272
0.004039
0.033275
0.039415
0.006354
0.000195
0.050124
0.052308
0.010975
0.000486
0.043106
0.046831
0.00562
0.0028
0.034418
0.037595
0.014095
0.000586
0.029953
0.035818
0.00962
0.001005
0.02929
0.033746
0.01123
0.002092
0.040505
0.043768
0.011924
0.000783
0.041386
0.046616
0.012912
0.000121
0.045274
0.050296
0.013206
0.006549
0.03325
0.043449
0.011577
0.001902
0.033894
0.039594
0.019376
0.005223
0.040157
0.042221
0.031954
0.012886
0.048644
0.051939
0.012453
0.006111
0.059408
0.058294
0.015891
0.000759
0.055598
0.062346
0.026559
0.002367
0.053034
0.061901
0.014452
0.002167
0.057581
0.059943
0.021185
0.004301
0.059125
0.065179
0.014261
0.004502
0.049009
0.056858
0.014605
0.002001
0.044876
0.050758
0.017693
0.007005
0.051774
0.04939
0.029599
0.016198
0.056328
0.058753
0.029393
0.034244
0.075418
0.05552
0.017413
0.003765
0.064835
0.065551
0.01599
0.003389
0.060774
0.067075
0.019303
0.01419
0.073117
0.061254
0.033925
0.030411
0.079673
0.068893
0.04276
0.036198
0.079579
0.074921
0.032731
0.043535
0.093593
0.061987
0.044584
0.039067
0.08708
0.078744
0.015983
0.007347
0.069019
0.076565
0.016906
0.005171
0.057772
0.064007
0.033676
0.021938
0.068827
0.064107
0.032934
0.029292
0.076848
0.05803
0.038485
0.02502
0.071788
0.067813
0.016432
0.00803
0.063393
0.071068
0.023871
0.004591
0.066289
0.066441
0.018499
0.003128
0.063916
0.067667
0.021789
0.000722
0.066813
0.068421
0.032536
0.016097
0.07617
0.070875
0.026923
0.011859
0.07759
0.067919
0.014356
0.009349
0.065749
0.070473
0.024571
0.003467
0.067743
0.066577
0.030196
0.011457
0.074583
0.070013
0.017777
0.006672
0.068861
0.072877
0.019126
0.004719
0.064258
0.066619
0.020908
0.011343
0.078823
0.057609
0.026757
0.00739
0.074865
0.066114
0.025378
0.028946
0.102976
0.05403
0.014242
0.005081
0.091381
0.081633
0.020595
0.006805
0.1002
0.080817
0.034935
0.030265
0.115779
0.081719
0.023384
0.000615
0.10662
0.093625
0.021827
0.007179
0.105723
0.105162
0.042229
0.014953
0.109318
0.098709
0.032014
0.007921
0.11025
0.097825
0.01882
0.011799
0.093882
0.093887
0.021253
0.004622
0.112567
0.079122
0.033426
0.005848
0.104479
0.086278
0.03377
0.010802
0.114706
0.085335
0.02545
0.004516
0.110028
0.096977
0.019506
0.010904
0.109525
0.099391
0.029361
0.011289
0.134987
0.084133
0.035578
0.005759
0.123225
0.092399
0.020212
0.00924
0.123567
0.100821
0.017802
0.010284
0.12199
0.095821
0.026551
0.00525
0.101109
0.079062
0.022935
0.007402
0.096154
0.069785
0.019295
0.011483
0.092914
0.068559
0.022897
0.006523
0.100218
0.064761
0.023314
0.007441
0.106349
0.0691
0.025235
0.004526
0.116941
0.068685
0.022082
0.009639
0.126605
0.082353
0.018084
0.0142
0.132767
0.091194
0.021988
0.010506
0.132746
0.081736
0.019127
0.01374
0.12395
0.078845
0.019402
0.013176
0.118858
0.069166
0.019422
0.013517
0.119079
0.06772
0.019518
0.01345
0.131627
0.069731
0.018891
0.014246
0.132762
0.071696
0.016185
0.016831
0.141438
0.079356
0.01693
0.01647
0.147769
0.078487
0.018
0.015351
0.157159
0.075322
0.017689
0.015343
0.166832
0.074663
0.016017
0.01678
0.175365
0.079478
0.01587
0.016829
0.179652
0.080346
0.013108
0.018431
0.183806
0.089431
0.014042
0.016854
0.193226
0.086848
0.014727
0.015326
0.204568
0.08635
0.013351
0.015227
0.210807
0.096756
0.011953
0.014274
0.221926
0.112462
0.010907
0.014699
0.225581
0.117221
0.008564
0.013851
0.230642
0.139633
0.00579
0.014049
0.232037
0.163149
0.005064
0.014055
0.23154
0.168282
0.00485
0.013877
0.230191
0.169089
0.004909
0.013617
0.227845
0.169362
0.005974
0.012434
0.218754
0.168354
0.006139
0.012062
0.216076
0.169338
0.0049
0.012089
0.21403
0.180844
0.004231
0.012192
0.213539
0.186484
0.003583
0.012359
0.213122
0.191857
0.003038
0.012541
0.212699
0.196577
0.002638
0.012708
0.212385
0.199715
0.002127
0.012893
0.211755
0.203801
0.001914
0.01294
0.210808
0.205749
0.001869
0.012908
0.209572
0.207449
0.001898
0.012861
0.208251
0.208571
0.002221
0.012621
0.203715
0.211251
0.002015
0.012694
0.202357
0.213697
0.001937
0.012721
0.202176
0.21431
0.001937
0.012721
0.202176
0.21431
