0.000534
0.000842
0.006562
0.005766
0.000482
0.000266
0.008682
0.008996
0.000458
0.00109
0.007281
0.006788
0.000668
0.000809
0.008186
0.007948
0.000677
0.000986
0.007601
0.007275
0.001376
0.000102
0.009702
0.0102
0.001534
0.000427
0.009708
0.010061
0.002161
0.000315
0.010052
0.0108
0.00255
0.000561
0.011825
0.012595
0.002821
0.000965
0.010327
0.011027
0.003675
0.000258
0.018381
0.019841
0.003553
0.000714
0.012485
0.013647
0.004975
0.000128
0.026389
0.02848
0.004797
0.000453
0.015995
0.017846
0.005547
0.000638
0.021532
0.023584
0.00609
0.000456
0.022153
0.024618
0.006771
0.000724
0.031353
0.033829
0.006251
0.001975
0.020723
0.024676
0.007592
0.000905
0.025823
0.028584
0.009257
0.001487
0.035628
0.038817
0.008752
0.003404
0.025269
0.031398
0.008254
0.000291
0.026376
0.030011
0.011085
0.003262
0.039232
0.042075
0.011115
0.001458
0.03794
0.043519
0.01093
0.002514
0.034333
0.040487
0.010983
0.001731
0.03218
0.037826
0.011511
5.7287e-7
0.036293
0.040923
0.012956
0.001253
0.036061
0.042427
0.012557
0.000931
0.036999
0.042749
0.012647
0.000435
0.039081
0.044405
0.0122
0.005113
0.030552
0.039029
0.011952
0.001327
0.031734
0.037208
0.013993
0.002189
0.0401
0.04421
0.014156
0.002399
0.036801
0.044254
0.015909
0.003346
0.041027
0.041496
0.013573
0.004001
0.047954
0.049595
0.015241
0.002435
0.04191
0.049602
0.014854
0.000325
0.043462
0.048643
0.019013
0.008982
0.051392
0.048654
0.01395
0.003111
0.053187
0.054638
0.016362
0.002964
0.047063
0.055281
0.017004
0.002304
0.050425
0.054779
0.017645
0.003152
0.053698
0.057464
0.017352
0.001632
0.049376
0.056609
0.018548
0.003579
0.05226
0.056016
0.021202
0.006603
0.056404
0.059592
0.019242
0.000391
0.051701
0.05894
0.021307
0.006405
0.055478
0.058264
0.019965
0.000711
0.052226
0.058272
0.019722
0.009234
0.058873
0.052675
0.019209
0.005509
0.058369
0.058097
0.016842
0.001498
0.056252
0.060733
0.021369
0.005759
0.061255
0.062451
0.020554
0.001422
0.059319
0.063895
0.02033
0.003586
0.062134
0.064154
0.020547
0.000265
0.060043
0.064742
0.020278
0.00348
0.063926
0.064846
0.027578
0.010385
0.06807
0.068425
0.018641
0.002173
0.069998
0.070446
0.026517
0.008175
0.076026
0.075427
0.026155
0.010284
0.081255
0.078357
0.024783
0.003953
0.079673
0.081493
0.026134
0.007772
0.084029
0.081538
0.026993
0.004694
0.082076
0.083889
0.022596
0.001765
0.08386
0.082343
0.023463
0.000212
0.083272
0.083656
0.027493
0.005173
0.086117
0.083973
0.019788
0.000802
0.090178
0.087119
0.020662
0.003858
0.090877
0.089502
0.034747
0.007447
0.090282
0.088708
0.019952
0.005885
0.086016
0.086226
0.020957
0.005944
0.076981
0.07709
0.018422
0.006944
0.07074
0.069148
0.030245
0.00712
0.08012
0.070226
0.024614
0.002389
0.086504
0.076628
0.026056
0.000065
0.097429
0.089192
0.017479
0.010144
0.110091
0.104638
0.028746
0.001223
0.105253
0.098416
0.032072
0.00433
0.109214
0.093563
0.019301
0.01102
0.10534
0.099434
0.029008
0.001538
0.095276
0.082876
0.026804
0.000066
0.09766
0.077446
0.022694
0.006931
0.096031
0.079681
0.0284
0.000936
0.123633
0.089584
0.01706
0.013742
0.137444
0.110901
0.022618
0.009295
0.126916
0.099475
0.023945
0.006782
0.116533
0.081265
0.022047
0.009197
0.102264
0.069523
0.018808
0.01282
0.101397
0.072353
0.029872
0.002398
0.124733
0.065351
0.020282
0.011827
0.14083
0.085586
0.017815
0.014743
0.142407
0.089254
0.019818
0.012955
0.14034
0.083551
0.019799
0.012894
0.136671
0.075248
0.018746
0.014476
0.131363
0.071243
0.017195
0.01592
0.13916
0.071431
0.015775
0.01786
0.145551
0.076639
0.01657
0.017079
0.147225
0.073857
0.01597
0.017433
0.145793
0.073658
0.015839
0.017607
0.145127
0.073531
0.015923
0.017696
0.143596
0.072648
0.015864
0.017719
0.143506
0.072642
0.017592
0.015999
0.152875
0.068173
0.015878
0.017421
0.156772
0.074283
0.014887
0.018258
0.158475
0.077741
0.014934
0.018199
0.157692
0.077044
0.015139
0.018076
0.15616
0.075677
0.015187
0.018034
0.15498
0.074794
0.015041
0.018158
0.155047
0.075216
0.01499
0.018189
0.155075
0.075325
0.014996
0.018187
0.155028
0.075297
0.015006
0.018182
0.155011
0.075266
0.015014
0.018176
0.154999
0.075235
0.015031
0.018159
0.154947
0.075155
0.015046
0.018147
0.154968
0.075134
0.015052
0.018146
0.154988
0.075139
0.015052
0.018146
0.154988
0.075139
