0.000696
0.000924
0.005267
0.004343
0.005235
0.000597
0.023676
0.026616
0.000347
0.001542
0.014518
0.015209
0.003127
0.000461
0.012205
0.013229
0.004608
0.000489
0.020357
0.022121
0.005643
0.00015
0.032814
0.035162
0.0102
0.003355
0.025655
0.031896
0.004777
0.00316
0.027634
0.031157
0.009086
0.002762
0.038467
0.040747
0.009418
0.00062
0.038454
0.043057
0.007875
0.004488
0.022023
0.028317
0.010705
0.002905
0.038706
0.041596
0.013354
0.000333
0.043137
0.049272
0.022242
0.0024
0.047688
0.054253
0.041818
0.000804
0.054253
0.075642
0.010061
0.001471
0.062419
0.06645
0.015168
0.00754
0.04094
0.052728
0.014841
0.001187
0.041642
0.048372
0.016935
0.004226
0.051998
0.055966
0.017294
0.003254
0.044381
0.054014
0.024922
0.008166
0.04981
0.05193
0.016893
0.008194
0.056872
0.056186
0.014897
0.013006
0.064997
0.05373
0.032752
0.026131
0.073866
0.066073
0.021614
0.013467
0.076151
0.07163
0.027217
0.010299
0.074984
0.078885
0.026594
0.020418
0.084391
0.073847
0.02808
0.012352
0.077678
0.07746
0.023937
0.000628
0.0655
0.073754
0.029145
0.008147
0.05979
0.064894
0.02737
0.018472
0.068661
0.057077
0.039245
0.028903
0.074528
0.063422
0.040398
0.037179
0.087543
0.067138
0.04131
0.059135
0.110761
0.063631
0.063105
0.079186
0.123023
0.084788
0.020639
0.009332
0.10743
0.113522
0.046117
0.018395
0.114016
0.110997
0.024742
0.001457
0.107184
0.10453
0.024338
0.004692
0.090111
0.091438
0.022086
0.003143
0.085803
0.082096
0.031625
0.005204
0.082646
0.076544
0.030608
0.022783
0.109055
0.061539
0.029527
0.005794
0.106957
0.085815
0.025217
0.002993
0.122132
0.104357
0.021424
0.009825
0.124686
0.117681
0.035088
0.013998
0.143878
0.107609
0.039661
0.01131
0.139495
0.109405
0.020831
0.008213
0.137072
0.113779
0.019466
0.013059
0.126064
0.108161
0.029654
0.001439
0.120612
0.087255
0.025493
0.005507
0.106525
0.073003
0.019342
0.011604
0.096443
0.065905
0.029109
0.002932
0.112665
0.057629
0.022402
0.009019
0.13991
0.071051
0.020454
0.010293
0.157952
0.075522
0.016117
0.015872
0.175294
0.090089
0.014755
0.018769
0.184688
0.097626
0.016003
0.016639
0.185193
0.088137
0.01993
0.012785
0.201735
0.075491
0.017582
0.014707
0.203888
0.082067
0.017551
0.014483
0.209731
0.083385
0.014206
0.014057
0.227014
0.097405
0.009883
0.01482
0.239257
0.130827
0.00845
0.014189
0.245279
0.142162
0.006378
0.01333
0.249666
0.155563
0.001485
0.013089
0.245465
0.196736
0.000193
0.011979
0.229866
0.218817
0.000888
0.011376
0.210157
0.234091
0.000474
0.011835
0.204463
0.243099
0.000482
0.011786
0.20351
0.243625
0.000432
0.011841
0.20358
0.24388
0.000244
0.012028
0.203989
0.244798
0.000156
0.012096
0.203948
0.245394
0.000319
0.011976
0.203621
0.244667
0.000449
0.01185
0.203244
0.244102
0.000422
0.011859
0.203669
0.243893
0.000366
0.011894
0.20399
0.243918
0.000228
0.011975
0.204709
0.244118
0.000239
0.011966
0.204862
0.2439
0.000344
0.011873
0.204409
0.243593
0.000445
0.011827
0.204113
0.243295
0.000423
0.011841
0.203877
0.243663
0.000423
0.011841
0.203877
0.243663
