0.004584
0.005335
0.049785
0.039855
0.006578
0.001236
0.073176
0.078338
0.007112
0.001801
0.070675
0.075813
0.00819
0.001415
0.072945
0.079527
0.014194
0.002293
0.0837
0.099866
0.013399
0.002066
0.081599
0.096743
0.019926
0.003367
0.093232
0.116079
0.019565
0.003406
0.089658
0.112185
0.022975
0.004507
0.097075
0.124015
0.024423
0.004985
0.098472
0.127303
0.028141
0.006752
0.105671
0.139859
0.03079
0.007899
0.109929
0.147825
0.031451
0.007971
0.109646
0.148255
0.034035
0.008733
0.114139
0.155988
0.037084
0.009928
0.120041
0.165998
0.035264
0.006757
0.111566
0.152646
0.034771
0.006165
0.109627
0.149632
0.036427
0.007101
0.113021
0.155549
0.038657
0.008373
0.117738
0.163668
0.040255
0.009401
0.121802
0.170265
0.042687
0.010632
0.126594
0.178595
0.04364
0.010908
0.12772
0.180914
0.043323
0.011156
0.125146
0.178302
0.048353
0.013111
0.133563
0.193423
0.050942
0.013907
0.139738
0.202814
0.047629
0.011683
0.133403
0.191134
0.047187
0.010402
0.125668
0.181701
0.04957
0.010821
0.130218
0.188937
0.050557
0.011365
0.133059
0.193238
0.052992
0.012598
0.137984
0.20167
0.056798
0.013962
0.138815
0.20741
0.056936
0.014615
0.145289
0.214653
0.063531
0.01856
0.141712
0.220663
0.058872
0.015366
0.151046
0.222871
0.060841
0.01528
0.15235
0.226
0.057673
0.014264
0.147579
0.217216
0.059688
0.01405
0.14669
0.218021
0.06065
0.014351
0.148185
0.220708
0.062962
0.014989
0.151944
0.227245
0.066409
0.015677
0.156423
0.235638
0.071521
0.01668
0.163808
0.248747
0.073772
0.017054
0.169531
0.256838
0.069064
0.016838
0.169996
0.252492
0.069067
0.017958
0.163964
0.247741
0.072592
0.01852
0.165798
0.253317
0.076178
0.018028
0.169843
0.260211
0.075911
0.017916
0.172849
0.262734
0.080409
0.017919
0.176332
0.270408
0.081837
0.017898
0.179169
0.274461
0.08544
0.017776
0.182929
0.281388
0.088959
0.017681
0.186364
0.287911
0.092974
0.017447
0.190413
0.295327
0.09365
0.017278
0.194073
0.299286
0.09673
0.017214
0.196649
0.30452
0.099334
0.017134
0.199272
0.30932
0.10142
0.016802
0.202187
0.313668
0.101928
0.017292
0.202706
0.315049
0.103952
0.018015
0.202563
0.317388
0.111024
0.021179
0.196831
0.319433
0.110593
0.017485
0.205648
0.325433
0.108247
0.01723
0.207874
0.325299
0.105454
0.019129
0.204169
0.320913
0.104476
0.020839
0.199948
0.317319
0.107908
0.019459
0.201784
0.32073
0.111183
0.017967
0.20422
0.324574
0.115497
0.016271
0.20675
0.329241
0.120323
0.01438
0.209673
0.334508
0.121945
0.01338
0.212226
0.337371
0.121761
0.013304
0.213292
0.338038
0.123927
0.01292
0.213978
0.340082
0.126209
0.012183
0.215455
0.342706
0.133106
0.00987
0.21702
0.34801
0.137391
0.007851
0.219231
0.35187
0.136147
0.00863
0.216971
0.349433
0.132257
0.011921
0.211033
0.343019
0.133384
0.014232
0.208356
0.341289
0.137279
0.010114
0.211334
0.345333
0.13718
0.008695
0.214359
0.346649
0.138236
0.007731
0.216104
0.348181
0.13968
0.006905
0.217338
0.349689
0.141223
0.006192
0.218365
0.351192
0.142762
0.005535
0.219218
0.35257
0.146245
0.004194
0.219876
0.354765
0.143208
0.005676
0.219465
0.353236
0.139075
0.009388
0.214892
0.348426
0.140489
0.009613
0.214572
0.348952
0.145051
0.007605
0.215516
0.351746
0.143771
0.007486
0.216951
0.351915
0.151773
0.004643
0.217044
0.355839
0.151024
0.00374
0.219372
0.356616
0.158117
0.000918
0.219716
0.359906
0.157478
0.000189
0.221315
0.360281
0.164036
0.002491
0.221727
0.36322
0.17196
0.006423
0.222603
0.366799
0.174976
0.009181
0.224381
0.368266
0.176032
0.010774
0.225923
0.368899
0.179176
0.012528
0.226401
0.369878
0.177286
0.011046
0.224344
0.368018
0.173126
0.006268
0.218704
0.363087
0.171737
0.005046
0.217834
0.361172
0.171012
0.005436
0.219682
0.361637
0.168635
0.004585
0.221916
0.362616
0.170435
0.004475
0.222578
0.364153
0.175597
0.005718
0.221535
0.365832
0.176402
0.006181
0.222012
0.366454
0.180455
0.007988
0.222455
0.368065
0.18101
0.008245
0.222805
0.368515
0.182845
0.009326
0.223593
0.369426
0.183247
0.009001
0.2236
0.369801
0.183673
0.008611
0.223584
0.370223
0.185871
0.009064
0.223061
0.370556
0.192475
0.011168
0.221724
0.372023
0.196442
0.01287
0.220832
0.372459
0.201302
0.015998
0.221465
0.373611
0.199381
0.01554
0.222424
0.37338
0.206939
0.017061
0.219503
0.374638
0.21094
0.01987
0.22075
0.375732
0.199503
0.014371
0.222416
0.372775
0.202652
0.013824
0.218786
0.371534
0.212282
0.015383
0.214576
0.37235
0.214936
0.016012
0.213699
0.372772
0.214281
0.018261
0.217589
0.37342
0.217663
0.019315
0.21613
0.372943
0.221087
0.020751
0.214891
0.372348
0.226001
0.022135
0.21253
0.372287
0.227182
0.019691
0.211524
0.368409
0.23897
0.026879
0.210104
0.373329
0.240543
0.030666
0.21186
0.373153
0.244291
0.031642
0.20931
0.371471
0.2462
0.031124
0.207125
0.369694
0.241165
0.031974
0.211308
0.369791
0.239462
0.028675
0.210787
0.366535
0.245962
0.030739
0.206406
0.367152
0.243214
0.031365
0.209402
0.367203
0.262826
0.035608
0.204385
0.370582
0.273489
0.03051
0.198518
0.36361
0.274493
0.040407
0.203791
0.372584
0.271226
0.038711
0.20554
0.366911
0.284388
0.04572
0.199977
0.369295
0.27967
0.047534
0.204126
0.367443
0.280431
0.047888
0.205557
0.367211
0.279512
0.045509
0.20366
0.365729
0.286941
0.047858
0.202938
0.366042
0.295761
0.045729
0.196669
0.365553
0.294814
0.04864
0.200758
0.366107
0.297762
0.046513
0.196006
0.363899
0.304649
0.046512
0.189419
0.360042
0.294527
0.046481
0.193681
0.356507
0.299045
0.048123
0.194836
0.356294
0.308001
0.046572
0.190538
0.356737
0.312897
0.049133
0.191623
0.357886
0.311181
0.049293
0.193001
0.356795
0.322016
0.05253
0.193443
0.35742
0.332834
0.052886
0.190084
0.357578
0.339266
0.056382
0.189434
0.356954
0.33284
0.056252
0.192286
0.354604
0.326747
0.055989
0.194723
0.352114
0.337915
0.052353
0.183859
0.348012
0.333646
0.051392
0.185537
0.346072
0.344133
0.053478
0.186279
0.347076
0.345768
0.053905
0.188061
0.348119
0.342547
0.05477
0.192151
0.348027
0.35123
0.050915
0.186391
0.348014
0.344776
0.045906
0.188332
0.348538
0.337508
0.042566
0.192348
0.350014
0.338167
0.040069
0.191209
0.349642
0.345306
0.038617
0.190167
0.351765
0.353676
0.037824
0.189279
0.352862
0.352479
0.040119
0.193772
0.353055
0.354088
0.040446
0.196021
0.354281
0.359332
0.038206
0.194251
0.354391
0.365234
0.038239
0.194213
0.355817
0.374942
0.037764
0.19107
0.35396
0.383868
0.040582
0.189609
0.350548
0.349842
0.042442
0.207536
0.3483
0.375952
0.035655
0.198342
0.351912
0.401179
0.035682
0.195018
0.35262
0.378733
0.041702
0.208656
0.351884
0.390666
0.037899
0.202001
0.349697
0.394015
0.032414
0.200626
0.3444
0.408611
0.036848
0.198154
0.346167
0.409323
0.033815
0.198719
0.341478
0.414725
0.030777
0.19773
0.337139
0.429445
0.030215
0.195868
0.334182
0.448302
0.024841
0.193414
0.32768
0.462778
0.053401
0.20265
0.332732
0.453686
0.057893
0.207902
0.32871
0.452335
0.052081
0.208454
0.320433
0.467301
0.065221
0.207125
0.32341
0.474452
0.058637
0.201616
0.314416
0.473611
0.054816
0.190644
0.305784
0.473284
0.045853
0.183792
0.29626
0.483688
0.032777
0.175191
0.28201
0.499699
0.032729
0.169149
0.274927
0.496912
0.055231
0.173927
0.264919
0.490244
0.054918
0.179679
0.264512
0.496756
0.045709
0.178575
0.260047
0.521763
0.049846
0.178956
0.255239
0.51538
0.062258
0.186789
0.253328
0.535179
0.034533
0.183611
0.233933
0.541792
0.046509
0.182323
0.238727
0.55032
0.047861
0.179897
0.234911
0.560382
0.036823
0.177326
0.219421
0.56204
0.040595
0.17403
0.21558
0.553308
0.058325
0.18287
0.200709
0.562671
0.044679
0.181827
0.19062
0.572195
0.038704
0.178647
0.185354
0.58097
0.038028
0.17784
0.1816
0.585614
0.033485
0.177202
0.173938
0.590396
0.028733
0.178855
0.165533
0.597147
0.01779
0.180783
0.149439
0.601909
0.053838
0.195299
0.151701
0.609839
0.0499
0.19185
0.1425
0.612842
0.044815
0.191851
0.125762
0.611096
0.038576
0.19194
0.120472
0.60318
0.029809
0.179719
0.111528
0.596237
0.015565
0.177409
0.111859
0.593934
0.0117
0.179164
0.108718
0.601586
0.00109
0.178936
0.1058
0.604533
0.008169
0.185487
0.113768
0.609561
0.02212
0.193809
0.130516
0.603935
0.035356
0.206308
0.159474
0.600695
0.058849
0.224139
0.200463
0.606583
0.081026
0.225336
0.209833
0.598255
0.102823
0.245948
0.254728
0.579896
0.132279
0.267726
0.292351
0.564386
0.156029
0.296319
0.334807
0.547729
0.191789
0.32078
0.371795
0.542
0.206747
0.319054
0.374732
0.532117
0.233871
0.310344
0.374375
0.524008
0.241292
0.31491
0.380613
0.525292
0.25148
0.313106
0.382277
0.532533
0.266237
0.306877
0.383344
0.532915
0.267087
0.309455
0.386046
0.532355
0.267221
0.314787
0.389919
0.536526
0.274424
0.314031
0.392337
0.548752
0.296546
0.304078
0.39395
0.55749
0.311389
0.298891
0.396653
0.557182
0.310836
0.300675
0.397349
0.55775
0.312481
0.307336
0.402796
0.558891
0.310422
0.317919
0.410369
0.557173
0.312663
0.321257
0.413514
0.553701
0.317565
0.324604
0.416921
0.552872
0.318667
0.325615
0.417897
0.549157
0.323793
0.330138
0.422271
0.544325
0.330259
0.336002
0.427527
0.543068
0.33193
0.337583
0.428876
0.538203
0.338287
0.344175
0.434227
0.533172
0.344702
0.351849
0.439964
0.528032
0.351305
0.361208
0.446518
0.527145
0.352325
0.363409
0.447847
0.526474
0.35331
0.366592
0.449864
0.525897
0.353896
0.367813
0.450492
0.525365
0.354528
0.368636
0.450986
0.524805
0.355223
0.369162
0.451317
0.524258
0.3559
0.369435
0.451496
0.549735
0.403018
0.343093
0.455869
0.559361
0.418756
0.335066
0.458886
0.569937
0.430761
0.333989
0.464841
0.57667
0.43544
0.341379
0.47207
0.587705
0.447267
0.349469
0.482341
0.592663
0.453488
0.353123
0.487016
0.604559
0.477383
0.340098
0.489886
0.617599
0.499797
0.329714
0.494704
0.623175
0.505232
0.332397
0.499645
0.622547
0.504922
0.341592
0.503488
0.62166
0.506956
0.346708
0.507135
0.619576
0.510382
0.351829
0.511277
0.616425
0.514741
0.357979
0.51552
0.615675
0.515852
0.359819
0.516796
0.614466
0.51835
0.367262
0.522118
0.613381
0.519395
0.373155
0.524837
0.613207
0.519685
0.377585
0.527239
0.612852
0.520038
0.379239
0.528047
0.61255
0.520414
0.379782
0.52834
0.612334
0.520743
0.37988
0.528477
0.612255
0.520885
0.379426
0.528308
0.612316
0.520846
0.378682
0.527969
0.612445
0.52067
0.377784
0.527486
0.612627
0.520373
0.376923
0.526945
0.61271
0.520259
0.376677
0.52679
0.613013
0.519813
0.376008
0.526347
0.613323
0.519372
0.375453
0.52596
0.613547
0.519023
0.37493
0.525585
0.613547
0.519023
0.37493
0.525585
