0.00611
0.005348
0.050438
0.038955
0.003786
0.002867
0.066879
0.06768
0.003649
0.002899
0.065629
0.066264
0.019266
0.003691
0.09831
0.120814
0.021879
0.006488
0.096372
0.124206
0.02619
0.007873
0.106582
0.139954
0.034172
0.009681
0.116967
0.159928
0.040525
0.013316
0.130131
0.182755
0.048424
0.016774
0.146086
0.209602
0.073808
0.027191
0.1392
0.236315
0.059326
0.019586
0.168631
0.244983
0.068614
0.019779
0.172896
0.25837
0.080491
0.021451
0.191394
0.289267
0.086253
0.021012
0.200296
0.302915
0.095527
0.020594
0.208045
0.318625
0.103148
0.019357
0.214102
0.330334
0.119365
0.016015
0.221747
0.349382
0.151114
0.006627
0.233969
0.380707
0.158241
0.00094
0.245023
0.391625
0.163994
0.003135
0.249775
0.396784
0.172142
0.00669
0.249989
0.400133
0.179101
0.010521
0.251157
0.402839
0.193221
0.017452
0.25144
0.407959
0.210963
0.026931
0.252409
0.414024
0.225127
0.036963
0.255016
0.417825
0.227181
0.040708
0.251267
0.411759
0.235973
0.043466
0.244213
0.407782
0.241713
0.049587
0.245136
0.406459
0.269226
0.063574
0.243173
0.410993
0.291893
0.076418
0.239678
0.411232
0.328348
0.091703
0.228596
0.410504
0.337887
0.098857
0.221102
0.401541
0.358247
0.109601
0.210862
0.394831
0.345604
0.108412
0.207013
0.382041
0.337413
0.106217
0.192012
0.359552
0.351744
0.107981
0.179139
0.348043
0.366203
0.109678
0.168817
0.337932
0.386096
0.122133
0.166765
0.33506
0.39733
0.129283
0.166317
0.329993
0.419714
0.131641
0.152488
0.320696
0.426121
0.140611
0.156465
0.31429
0.483809
0.146416
0.141982
0.304794
0.497318
0.159658
0.148951
0.297116
0.522812
0.163463
0.144163
0.285046
0.513564
0.167073
0.146671
0.274196
0.499126
0.166171
0.148845
0.264241
0.532461
0.155567
0.127076
0.243496
0.548909
0.153091
0.122611
0.225269
0.551745
0.151652
0.122244
0.213572
0.568355
0.149238
0.120789
0.200765
0.597225
0.122567
0.124319
0.175239
0.626762
0.149743
0.133823
0.163873
0.660059
0.157257
0.149086
0.144856
0.692324
0.161392
0.168268
0.115364
0.685077
0.164159
0.168684
0.097018
0.684601
0.152774
0.155268
0.056798
0.674952
0.13663
0.134409
0.003265
0.688256
0.120458
0.134506
0.080541
0.707585
0.121955
0.152395
0.101766
0.722807
0.133466
0.157648
0.109266
0.716694
0.142812
0.155595
0.082657
0.708032
0.148918
0.137239
0.028575
0.705498
0.129334
0.152106
0.038947
0.717588
0.044344
0.176585
0.107359
0.724412
0.049707
0.200998
0.18587
0.72347
0.193772
0.216127
0.263331
0.701453
0.327147
0.230429
0.345701
0.655746
0.449533
0.248255
0.42116
0.617858
0.516957
0.309483
0.493529
0.612924
0.519359
0.32301
0.496481
0.617052
0.514477
0.346269
0.509663
0.619435
0.511757
0.367072
0.521141
0.616944
0.514493
0.374862
0.524748
0.614507
0.51766
0.379926
0.52784
0.612063
0.520776
0.38204
0.52918
0.612369
0.520729
0.381078
0.529131
0.612258
0.520953
0.379753
0.528524
0.612312
0.520919
0.37873
0.528053
0.61244
0.520691
0.378082
0.527652
0.612546
0.520424
0.377435
0.527136
0.613007
0.519898
0.376937
0.526913
0.613164
0.519567
0.376407
0.52645
0.61337
0.51921
0.375753
0.525982
0.613569
0.519021
0.375142
0.525715
0.61349
0.519143
0.374617
0.525475
0.613296
0.519384
0.37419
0.525282
0.613183
0.519571
0.374086
0.525303
0.613079
0.519701
0.374397
0.525465
0.613118
0.519684
0.375115
0.525874
0.613087
0.519685
0.375952
0.526244
0.61308
0.519694
0.376189
0.526348
0.613136
0.519631
0.377096
0.526831
0.613136
0.519631
0.377096
0.526831
