0.005128
0.005284
0.050066
0.039634
0.002443
0.002754
0.063927
0.063516
0.002306
0.003288
0.063534
0.062456
0.013807
0.000623
0.088442
0.102566
0.018537
0.00579
0.090476
0.114366
0.017874
0.001196
0.086209
0.104889
0.01787
0.001234
0.086109
0.10482
0.023175
0.004891
0.098177
0.125694
0.0264
0.00634
0.102968
0.135069
0.027879
0.006945
0.104931
0.139061
0.028205
0.006651
0.104839
0.138971
0.027896
0.004196
0.100054
0.13147
0.028598
0.004562
0.101739
0.134199
0.035338
0.008563
0.115838
0.158786
0.035259
0.008373
0.112799
0.155504
0.036468
0.009444
0.117662
0.162526
0.039905
0.01034
0.123917
0.172971
0.041507
0.010764
0.126005
0.177014
0.040919
0.010839
0.122072
0.172615
0.041388
0.010655
0.12423
0.174999
0.043039
0.010453
0.125839
0.178002
0.043006
0.010428
0.124605
0.176706
0.045258
0.011362
0.129212
0.184362
0.051605
0.013753
0.140798
0.204344
0.054179
0.014681
0.145611
0.212498
0.056003
0.015386
0.14802
0.217318
0.055563
0.015655
0.146995
0.216137
0.055123
0.015836
0.146009
0.214859
0.053407
0.014981
0.143226
0.209528
0.05632
0.014124
0.143339
0.211628
0.058413
0.01473
0.147399
0.218235
0.060846
0.015327
0.15085
0.224567
0.060904
0.015478
0.152109
0.225989
0.060275
0.01608
0.148736
0.222657
0.059878
0.015956
0.148432
0.221792
0.063221
0.015934
0.151696
0.228186
0.065274
0.016107
0.155842
0.23439
0.064209
0.016538
0.154241
0.232207
0.061239
0.016084
0.147975
0.222637
0.06626
0.015188
0.151818
0.23036
0.065433
0.01505
0.153694
0.231258
0.065605
0.015163
0.154028
0.231847
0.071016
0.024689
0.148653
0.238903
0.08294
0.021724
0.149005
0.248402
0.082483
0.01654
0.162655
0.257916
0.071154
0.015957
0.169039
0.252514
0.076148
0.016443
0.171271
0.260027
0.074344
0.01778
0.16837
0.256742
0.077583
0.019681
0.165998
0.258909
0.073336
0.017836
0.169676
0.256969
0.074265
0.018336
0.166259
0.255014
0.074175
0.018414
0.165748
0.25445
0.075536
0.017941
0.167038
0.256528
0.07851
0.017403
0.171479
0.263124
0.081231
0.018874
0.170176
0.265232
0.079888
0.017438
0.173804
0.266675
0.08512
0.016841
0.178491
0.27562
0.090138
0.018858
0.177114
0.280085
0.094523
0.017095
0.181088
0.287256
0.093134
0.017155
0.1825
0.287477
0.091712
0.018531
0.182163
0.286578
0.08972
0.01688
0.18768
0.288778
0.089626
0.01814
0.185874
0.288154
0.087775
0.019191
0.184363
0.285833
0.081687
0.020699
0.177157
0.274397
0.082123
0.019875
0.171433
0.268337
0.084726
0.018339
0.172685
0.270542
0.093573
0.019676
0.171924
0.278469
0.093899
0.017356
0.176171
0.281504
0.091431
0.01672
0.181038
0.283312
0.091526
0.016909
0.182776
0.285255
0.090556
0.017223
0.182969
0.284801
0.093702
0.01911
0.180693
0.286447
0.10178
0.01559
0.18927
0.299725
0.099114
0.015586
0.192459
0.300297
0.102283
0.015411
0.194588
0.305024
0.094598
0.018216
0.195168
0.301075
0.090686
0.022401
0.189164
0.295429
0.096913
0.021689
0.188167
0.29956
0.094217
0.021225
0.189751
0.298093
0.097964
0.020397
0.190242
0.301233
0.099305
0.019901
0.19134
0.303036
0.099037
0.019743
0.192221
0.303473
0.106652
0.017613
0.194641
0.310721
0.098707
0.018871
0.197843
0.307638
0.096274
0.022574
0.192189
0.303305
0.101114
0.021938
0.191332
0.306304
0.102231
0.020963
0.193036
0.308006
0.105721
0.019471
0.195153
0.311772
0.1074
0.018595
0.197113
0.314328
0.108451
0.018048
0.199127
0.316629
0.115552
0.015836
0.201278
0.322989
0.119685
0.014031
0.204298
0.327827
0.116395
0.014965
0.204268
0.325719
0.114484
0.016836
0.20266
0.323922
0.11604
0.016485
0.203583
0.325767
0.117574
0.01597
0.204945
0.327901
0.120692
0.014919
0.206245
0.330877
0.123925
0.016796
0.20373
0.331229
0.125744
0.012737
0.209371
0.336123
0.125616
0.012293
0.211283
0.337356
0.121608
0.014386
0.21084
0.335328
0.127986
0.013147
0.210344
0.339028
0.132113
0.011343
0.211738
0.342225
0.132205
0.010828
0.21344
0.343375
0.127022
0.01274
0.214339
0.341451
0.130142
0.012696
0.213605
0.343078
0.127316
0.014442
0.213058
0.341756
0.135971
0.012154
0.212274
0.346075
0.146748
0.01514
0.205387
0.346654
0.143704
0.007331
0.217423
0.352476
0.13761
0.010544
0.219629
0.352822
0.138411
0.011273
0.21867
0.352752
0.145125
0.008997
0.218697
0.356261
0.15251
0.005543
0.219359
0.359797
0.141399
0.008491
0.223715
0.357273
0.144026
0.008955
0.222417
0.358062
0.144528
0.009583
0.22145
0.358107
0.144526
0.009981
0.221403
0.358296
0.156104
0.005874
0.220945
0.363539
0.155345
0.004846
0.222559
0.36344
0.148631
0.007259
0.224554
0.361995
0.152858
0.00708
0.223264
0.363323
0.158593
0.005113
0.222639
0.365578
0.168203
0.000806
0.222782
0.369445
0.176423
0.004539
0.224942
0.373157
0.17592
0.003184
0.223779
0.370526
0.173802
0.004993
0.225282
0.370555
0.158485
0.001702
0.229516
0.367218
0.169362
0.000574
0.22461
0.370354
0.168769
0.001908
0.22381
0.370571
0.169264
0.00119
0.225997
0.37157
0.177844
0.002072
0.225178
0.374279
0.180613
0.004242
0.22605
0.375222
0.173364
0.002033
0.227529
0.372867
0.175023
0.000179
0.22378
0.371765
0.1771
0.001007
0.22444
0.372593
0.186381
0.004349
0.223065
0.375228
0.189051
0.00279
0.220347
0.373016
0.189178
0.006508
0.223353
0.375691
0.18955
0.007723
0.224005
0.375247
0.188999
0.006993
0.224779
0.375452
0.196302
0.008961
0.222815
0.377179
0.192649
0.008042
0.224385
0.376862
0.190359
0.006164
0.224622
0.376349
0.192618
0.005939
0.223826
0.376795
0.192791
0.005487
0.224205
0.377045
0.19656
0.006534
0.223406
0.378207
0.19893
0.007983
0.224121
0.378681
0.199139
0.008002
0.224916
0.379271
0.200388
0.007985
0.224281
0.37961
0.202807
0.008058
0.222952
0.379246
0.200427
0.00801
0.224888
0.379312
0.198406
0.006917
0.226588
0.380099
0.200641
0.005057
0.224254
0.380758
0.203548
0.005399
0.224228
0.382077
0.207056
0.006595
0.224031
0.38298
0.20806
0.007241
0.225053
0.383534
0.204726
0.006439
0.227637
0.383977
0.209192
0.006725
0.225972
0.385023
0.207452
0.006793
0.228855
0.385897
0.207709
0.005767
0.229145
0.387018
0.21073
0.004268
0.226072
0.387094
0.215335
0.004323
0.222839
0.386655
0.217181
0.002749
0.220842
0.384518
0.22512
0.006769
0.218382
0.386387
0.225656
0.006535
0.218877
0.38436
0.232534
0.011999
0.218735
0.386576
0.234545
0.015486
0.219865
0.386249
0.233467
0.015968
0.221292
0.385409
0.235281
0.013618
0.220556
0.381857
0.244176
0.01999
0.219771
0.38668
0.246041
0.022634
0.220254
0.38618
0.235454
0.017603
0.222017
0.383874
0.235116
0.016167
0.221548
0.383897
0.237807
0.014057
0.220143
0.382834
0.254164
0.016726
0.210807
0.384047
0.260784
0.021803
0.211301
0.384056
0.256799
0.024617
0.216988
0.383519
0.256533
0.016484
0.216621
0.375976
0.274804
0.028559
0.215111
0.383031
0.287294
0.035067
0.210776
0.385763
0.281317
0.038867
0.215014
0.38095
0.281213
0.035738
0.206042
0.374988
0.270799
0.032376
0.204659
0.368152
0.274039
0.032236
0.202828
0.365985
0.290534
0.031286
0.192241
0.365698
0.30006
0.037784
0.194312
0.366365
0.302262
0.041559
0.197764
0.366116
0.298125
0.041747
0.200383
0.365014
0.299689
0.042135
0.202312
0.365675
0.303319
0.039998
0.199863
0.365819
0.307198
0.040096
0.199308
0.366607
0.303584
0.039117
0.200552
0.365268
0.301943
0.039312
0.20338
0.365289
0.298621
0.034006
0.20305
0.366214
0.303588
0.033628
0.20275
0.367766
0.308479
0.032078
0.201077
0.368492
0.309875
0.03064
0.202671
0.365796
0.325145
0.035246
0.198265
0.370132
0.317938
0.036184
0.203404
0.369225
0.302166
0.034162
0.212049
0.368779
0.301656
0.027781
0.207643
0.369005
0.300218
0.019089
0.203611
0.369068
0.299691
0.019022
0.208084
0.372181
0.314062
0.020213
0.206131
0.375618
0.306496
0.021359
0.213747
0.377072
0.313536
0.021424
0.213612
0.379122
0.324887
0.020988
0.210042
0.380517
0.329983
0.02251
0.210014
0.380187
0.335005
0.023405
0.208386
0.379094
0.333897
0.024629
0.209642
0.376677
0.340643
0.027132
0.209781
0.375632
0.358447
0.026807
0.202512
0.374011
0.367543
0.033083
0.203201
0.371386
0.374684
0.035637
0.200899
0.367025
0.361401
0.036458
0.203623
0.362514
0.361926
0.032752
0.197039
0.356233
0.356569
0.030691
0.194963
0.350352
0.362179
0.031295
0.195562
0.350786
0.371954
0.030664
0.194146
0.351095
0.374912
0.031845
0.197802
0.351915
0.377121
0.032574
0.199961
0.352908
0.382809
0.029307
0.196896
0.350524
0.38106
0.032881
0.200322
0.350358
0.389285
0.031761
0.19579
0.347329
0.393712
0.026882
0.192439
0.342304
0.393799
0.03398
0.19516
0.341039
0.38925
0.03395
0.199826
0.341764
0.370455
0.024617
0.206929
0.346866
0.369468
0.014907
0.20489
0.349975
0.385102
0.016915
0.206763
0.351915
0.3908
0.019287
0.208864
0.35175
0.384265
0.019568
0.212098
0.351855
0.389544
0.008049
0.209932
0.34192
0.406641
0.01591
0.210989
0.352767
0.410114
0.009613
0.212179
0.347015
0.416651
0.020929
0.218108
0.354173
0.40335
0.021744
0.228037
0.355878
0.418816
0.016059
0.219648
0.354176
0.426459
0.007154
0.216336
0.345556
0.450056
0.004063
0.212064
0.340497
0.458145
0.026047
0.220152
0.338277
0.469003
0.035488
0.227287
0.332986
0.485641
0.031356
0.223244
0.32525
0.483638
0.031398
0.215608
0.315069
0.461569
0.024666
0.202885
0.296635
0.448852
0.011303
0.181145
0.278972
0.45186
0.015126
0.18837
0.279672
0.459275
0.011855
0.191649
0.280395
0.459975
0.006827
0.19264
0.277896
0.463519
0.012127
0.197261
0.28107
0.468377
0.010675
0.200661
0.28225
0.471082
0.009564
0.203468
0.282554
0.474243
0.011305
0.20734
0.283997
0.482252
0.008927
0.209964
0.281344
0.492021
0.014033
0.214296
0.277401
0.496863
0.004393
0.213815
0.269465
0.513391
0.011339
0.21764
0.266461
0.493135
0.009016
0.22001
0.261617
0.517467
0.004327
0.210992
0.255285
0.518193
0.00587
0.217875
0.250823
0.521469
0.002904
0.211877
0.240546
0.518757
0.003926
0.205804
0.22833
0.515601
0.010771
0.194847
0.212014
0.519571
0.009276
0.196778
0.207211
0.522242
0.016212
0.199896
0.205734
0.522108
0.019223
0.204567
0.209046
0.529748
0.025071
0.20738
0.211525
0.530576
0.032299
0.207371
0.206235
0.538666
0.025637
0.215966
0.21328
0.537263
0.031046
0.221151
0.216316
0.532823
0.035897
0.22742
0.226199
0.538451
0.047478
0.228779
0.229297
0.541301
0.05677
0.228696
0.227123
0.546856
0.061524
0.232473
0.232644
0.54632
0.0685
0.241249
0.24327
0.553256
0.086793
0.248286
0.256245
0.547938
0.096888
0.262288
0.276526
0.552904
0.122973
0.272698
0.3002
0.549136
0.145823
0.286264
0.322289
0.532252
0.172826
0.300132
0.344
0.53576
0.19154
0.313436
0.365531
0.551889
0.228801
0.297371
0.364269
0.551796
0.238204
0.29427
0.363924
0.559427
0.255504
0.285435
0.364025
0.567251
0.269725
0.279454
0.364982
0.575261
0.284749
0.274244
0.36731
0.575724
0.286559
0.280483
0.37345
0.575071
0.286034
0.28537
0.376833
0.583135
0.301111
0.282241
0.381189
0.590836
0.316729
0.277202
0.383906
0.598422
0.333084
0.271991
0.386942
0.609795
0.357801
0.263028
0.391085
0.628023
0.398571
0.24494
0.395858
0.635825
0.414201
0.244253
0.402559
0.640564
0.421738
0.255032
0.414858
0.655446
0.45868
0.238079
0.419835
0.651535
0.456314
0.250703
0.425448
0.650433
0.45769
0.25415
0.428271
0.646912
0.465069
0.266313
0.44115
0.64043
0.477289
0.282057
0.457581
0.637282
0.482277
0.288475
0.463502
0.626695
0.499031
0.312004
0.484228
0.617188
0.514977
0.341079
0.507535
0.614955
0.51713
0.360519
0.517575
0.615322
0.516363
0.364385
0.5193
0.615821
0.515803
0.368867
0.521814
0.614986
0.516941
0.370211
0.522675
0.614135
0.518245
0.371721
0.523811
0.613565
0.519256
0.373645
0.525219
0.612578
0.520443
0.376158
0.526582
0.612109
0.521044
0.377802
0.527447
0.612076
0.521081
0.379065
0.528104
0.612448
0.520636
0.379528
0.528342
0.612741
0.520214
0.379527
0.528242
0.612741
0.520214
0.379527
0.528242
