0.00616
0.006239
0.058502
0.046107
0.031249
0.006251
0.111859
0.14891
0.030461
0.011585
0.094271
0.135707
0.03188
0.011324
0.093476
0.136047
0.047908
0.006367
0.109679
0.163195
0.056135
0.00722
0.113691
0.176092
0.064514
0.008643
0.115844
0.187828
0.05595
0.006556
0.115231
0.176707
0.064993
0.007261
0.113256
0.184295
0.065151
0.006833
0.116604
0.187334
0.069783
0.007927
0.118773
0.195069
0.077941
0.010103
0.121134
0.207492
0.084597
0.011725
0.124651
0.219021
0.098444
0.014883
0.127478
0.238328
0.094688
0.012848
0.138058
0.243077
0.101414
0.014053
0.139304
0.251935
0.109993
0.018142
0.1336
0.258095
0.120224
0.020493
0.140488
0.27723
0.120218
0.019295
0.149557
0.284947
0.135816
0.021885
0.151664
0.30424
0.145596
0.02329
0.156491
0.319395
0.145493
0.02305
0.165508
0.327743
0.154718
0.024368
0.169292
0.341144
0.175502
0.026171
0.170974
0.36351
0.178534
0.025847
0.180168
0.374582
0.186289
0.025881
0.186547
0.387552
0.205333
0.025424
0.190714
0.407894
0.218205
0.023389
0.199844
0.42553
0.219096
0.022855
0.207965
0.433147
0.22261
0.020821
0.216519
0.441952
0.216956
0.020713
0.226787
0.44622
0.230221
0.018878
0.231827
0.460174
0.230298
0.018002
0.240324
0.466814
0.253111
0.01213
0.246632
0.485655
0.278601
0.001514
0.257973
0.505972
0.264319
0.003371
0.270753
0.507203
0.256929
0.005964
0.279381
0.510757
0.261176
0.004281
0.2864
0.518123
0.267788
0.000352
0.29402
0.525966
0.275609
0.00505
0.302238
0.533696
0.284698
0.012881
0.312536
0.541792
0.284154
0.014299
0.319072
0.544935
0.292239
0.02319
0.329996
0.551276
0.289849
0.021806
0.334127
0.553778
0.292641
0.025517
0.340762
0.557116
0.302462
0.038375
0.352584
0.56226
0.303043
0.037762
0.354189
0.563791
0.302926
0.036394
0.358068
0.565797
0.315948
0.055991
0.374868
0.571459
0.318642
0.058496
0.379308
0.563429
0.324085
0.045867
0.367827
0.573758
0.316085
0.034799
0.369355
0.579291
0.307959
0.030495
0.379066
0.584089
0.303577
0.027134
0.385384
0.587765
0.307183
0.029903
0.391262
0.590595
0.31687
0.042296
0.400159
0.592151
0.317748
0.027508
0.394025
0.598435
0.312793
0.050469
0.421622
0.592391
0.318422
0.052898
0.424357
0.596332
0.336442
0.062582
0.424433
0.599662
0.350991
0.097398
0.443265
0.59458
0.36592
0.118193
0.449875
0.59188
0.359797
0.13848
0.467186
0.576238
0.348528
0.18996
0.498062
0.575305
0.415462
0.184918
0.465837
0.56959
0.420578
0.189912
0.471307
0.552766
0.461004
0.199404
0.453263
0.554289
0.497727
0.175134
0.424715
0.546615
0.483082
0.157088
0.423368
0.542989
0.443233
0.127116
0.435551
0.551395
0.390244
0.078124
0.459136
0.573548
0.314862
0.080946
0.518814
0.590977
0.283967
0.031069
0.519649
0.62473
0.237687
0.136205
0.530996
0.667445
0.243488
0.13184
0.546612
0.677241
0.271767
0.102525
0.573512
0.684948
0.28266
0.092071
0.583225
0.685858
0.298327
0.092903
0.584353
0.689393
0.290833
0.048017
0.613011
0.676651
0.326168
0.079202
0.578377
0.67595
0.301485
0.029775
0.611004
0.650992
0.339108
0.050272
0.573968
0.643797
0.35353
0.036148
0.559953
0.617907
0.361988
0.041834
0.537834
0.597847
0.360062
0.040022
0.513943
0.566828
0.353015
0.006237
0.504521
0.52283
0.379955
0.056154
0.458956
0.507585
0.342604
0.005802
0.493417
0.489949
0.362888
0.047793
0.465387
0.48326
0.348343
0.073336
0.472854
0.496737
0.307108
0.056107
0.506126
0.487792
0.284264
0.05605
0.527314
0.480203
0.264011
0.060326
0.555795
0.451482
0.264067
0.10902
0.570191
0.450402
0.22887
0.18629
0.609018
0.441024
0.19447
0.225446
0.643855
0.431062
0.168027
0.216302
0.710701
0.356857
0.187278
0.224908
0.740297
0.368856
0.186835
0.229458
0.75438
0.374519
0.176098
0.22825
0.773569
0.35883
0.17338
0.22892
0.784835
0.361617
0.172779
0.229349
0.789343
0.362545
0.172672
0.230066
0.803644
0.367705
0.172638
0.230086
0.805697
0.368092
0.172648
0.229968
0.805841
0.367848
0.172622
0.229878
0.805719
0.367619
0.172652
0.229732
0.80499
0.367108
0.172674
0.22971
0.804785
0.36702
0.172752
0.229694
0.804286
0.366834
0.172982
0.22967
0.803062
0.366628
0.173124
0.229815
0.801751
0.36659
0.173043
0.229974
0.800342
0.366642
0.172773
0.230102
0.799019
0.366589
0.172573
0.23018
0.797972
0.366387
0.172587
0.230128
0.797693
0.366394
0.172609
0.23012
0.797571
0.366272
0.172696
0.230081
0.797434
0.366231
0.173062
0.229954
0.797505
0.366036
0.173027
0.229835
0.798416
0.365803
0.17288
0.229722
0.799984
0.365971
0.172978
0.229753
0.801996
0.366543
0.173026
0.229797
0.803005
0.366828
0.173048
0.229962
0.804729
0.367424
0.172918
0.23004
0.805783
0.367866
0.172788
0.229989
0.80616
0.368035
0.172449
0.229966
0.806385
0.367804
0.172696
0.229939
0.806325
0.36775
0.17318
0.229888
0.806031
0.367682
0.173614
0.229785
0.805055
0.367354
0.173614
0.229785
0.805055
0.367354
