0.005595
0.005916
0.058063
0.046559
0.005429
0.01778
0.037795
0.049626
0.03462
0.009577
0.101804
0.145451
0.038616
0.000792
0.094837
0.132129
0.040828
0.000379
0.098159
0.138038
0.067449
0.006781
0.109797
0.182903
0.085986
0.011814
0.125747
0.221664
0.112809
0.019173
0.126752
0.255795
0.124539
0.03027
0.110733
0.260193
0.146146
0.027557
0.133357
0.301912
0.137429
0.020847
0.158854
0.31205
0.159221
0.024156
0.159802
0.336423
0.179529
0.026938
0.16337
0.361144
0.203074
0.041758
0.141735
0.368252
0.225469
0.028465
0.171249
0.410482
0.230337
0.023932
0.189711
0.427779
0.221734
0.021828
0.207028
0.433995
0.223261
0.020864
0.217107
0.443559
0.253878
0.030865
0.199685
0.449708
0.258393
0.01298
0.229566
0.47522
0.283621
0.024437
0.214541
0.470448
0.302718
0.007825
0.253157
0.51072
0.294669
0.00942
0.269431
0.517965
0.293813
0.013642
0.283932
0.525632
0.315349
0.020948
0.29091
0.530042
0.318395
0.033095
0.307548
0.543547
0.321857
0.039124
0.320237
0.55244
0.332506
0.058682
0.342413
0.560459
0.321334
0.052739
0.347659
0.561106
0.327832
0.066022
0.36485
0.567158
0.34043
0.091407
0.385851
0.570894
0.346829
0.114616
0.40794
0.557203
0.359258
0.143018
0.423241
0.568077
0.381865
0.157916
0.422668
0.567933
0.405865
0.186693
0.431723
0.562562
0.402314
0.201279
0.448696
0.534156
0.450687
0.246712
0.449896
0.545478
0.495906
0.256658
0.434964
0.536611
0.494043
0.265195
0.449846
0.511253
0.612526
0.258818
0.409943
0.493353
0.62287
0.255006
0.39934
0.474847
0.615767
0.237187
0.398618
0.45226
0.622699
0.213359
0.416334
0.437881
0.599956
0.144412
0.425025
0.437557
0.571694
0.130423
0.455738
0.417797
0.527933
0.138066
0.470409
0.420473
0.484683
0.00936
0.435095
0.37895
0.350143
0.097491
0.418225
0.31835
0.122853
0.220627
0.621505
0.101975
0.108965
0.201135
0.709663
0.056878
0.114164
0.195078
0.744931
0.075735
0.103578
0.188605
0.781982
0.100253
0.10719
0.184065
0.829349
0.115575
0.10611
0.184925
0.860744
0.118387
0.105235
0.18788
0.859939
0.111605
0.105805
0.188082
0.860139
0.110987
0.10592
0.187936
0.860167
0.111269
0.105814
0.187393
0.859533
0.112481
0.105218
0.187078
0.858095
0.113225
0.105645
0.18703
0.856957
0.113093
0.105934
0.187406
0.855419
0.111882
0.105382
0.188113
0.853572
0.110188
0.105415
0.188368
0.852519
0.109398
0.105844
0.188136
0.852598
0.109777
0.105246
0.187655
0.853372
0.111228
0.105359
0.187083
0.855035
0.112819
0.10581
0.187101
0.856876
0.112885
0.1054
0.188443
0.857716
0.110037
0.105508
0.187851
0.858919
0.111633
0.105718
0.187092
0.860015
0.113517
0.105718
0.187092
0.860015
0.113517
