0.005024
0.005894
0.06499
0.054053
0.005672
0.001003
0.078637
0.08321
0.004741
0.004083
0.074636
0.075215
0.026321
0.000342
0.090551
0.116888
0.024756
0.001552
0.088119
0.111012
0.024647
0.001471
0.087612
0.110478
0.032627
0.00011
0.095552
0.127644
0.030646
0.000407
0.091495
0.121329
0.040427
0.001667
0.101185
0.142681
0.038867
0.001298
0.097208
0.136811
0.042304
0.001394
0.099542
0.142618
0.044778
0.00199
0.10213
0.148216
0.04798
0.002606
0.103845
0.153688
0.046194
0.002102
0.102024
0.149603
0.049558
0.00257
0.103851
0.155191
0.05267
0.003416
0.105547
0.160775
0.054424
0.003905
0.108028
0.16544
0.053138
0.003755
0.108419
0.164403
0.052886
0.003601
0.107585
0.16318
0.056333
0.004163
0.108443
0.16797
0.055207
0.003853
0.109119
0.167223
0.058307
0.004567
0.110137
0.171979
0.060803
0.005257
0.111614
0.176573
0.059278
0.004931
0.112569
0.175688
0.062817
0.005783
0.112712
0.180142
0.064903
0.006223
0.114393
0.184283
0.062919
0.005631
0.114805
0.182153
0.065383
0.006195
0.115662
0.185958
0.067467
0.006619
0.117208
0.189941
0.066368
0.006221
0.116788
0.188053
0.069089
0.00678
0.117572
0.19203
0.071348
0.007344
0.118945
0.196146
0.070129
0.007099
0.119926
0.195675
0.069901
0.006925
0.120236
0.1956
0.072601
0.007652
0.120695
0.199394
0.071501
0.007288
0.1209
0.198166
0.074646
0.007949
0.121148
0.202122
0.073051
0.007517
0.122092
0.201071
0.078705
0.008918
0.123415
0.20925
0.079745
0.009252
0.125654
0.212795
0.077961
0.008815
0.126579
0.211542
0.077563
0.008441
0.124505
0.208717
0.08031
0.00885
0.125174
0.212445
0.0792
0.008554
0.126167
0.212057
0.091346
0.011586
0.12786
0.228488
0.086237
0.010383
0.1331
0.227505
0.085404
0.010448
0.132564
0.226224
0.094574
0.01264
0.132518
0.23718
0.089635
0.011524
0.13678
0.235497
0.095904
0.012978
0.136218
0.242409
0.10134
0.01426
0.136816
0.249483
0.103074
0.015773
0.135296
0.250861
0.101412
0.014292
0.139666
0.252365
0.098248
0.013508
0.142496
0.251314
0.103311
0.014733
0.142843
0.257709
0.103639
0.01497
0.14494
0.260303
0.104424
0.015311
0.146363
0.262765
0.105716
0.015698
0.147364
0.265348
0.102016
0.015221
0.149365
0.263276
0.105629
0.016001
0.147986
0.266138
0.108654
0.017041
0.146244
0.268177
0.10873
0.016606
0.147567
0.269271
0.112555
0.017231
0.14919
0.275112
0.107318
0.016247
0.15369
0.273529
0.110493
0.017065
0.152614
0.276294
0.112136
0.017469
0.153309
0.278918
0.113558
0.017811
0.154275
0.281538
0.110379
0.017338
0.156647
0.28035
0.11374
0.018075
0.155585
0.283224
0.111568
0.017774
0.15711
0.282337
0.115091
0.018454
0.156018
0.28528
0.112759
0.018052
0.15794
0.284533
0.11605
0.018688
0.157092
0.287448
0.11782
0.019026
0.157816
0.29015
0.114991
0.018548
0.160294
0.289403
0.114924
0.018707
0.159987
0.289193
0.114786
0.019062
0.158956
0.288389
0.114638
0.018937
0.158847
0.288016
0.117974
0.019357
0.158231
0.290985
0.119604
0.019548
0.159259
0.293701
0.11701
0.019068
0.1618
0.293251
0.134078
0.02474
0.149996
0.302063
0.127123
0.02028
0.164272
0.306288
0.126644
0.020409
0.167387
0.309013
0.131624
0.021474
0.167061
0.314399
0.131395
0.021782
0.169317
0.31664
0.13185
0.022172
0.170884
0.318941
0.132565
0.022617
0.172162
0.321259
0.133029
0.023023
0.173591
0.323437
0.133847
0.02345
0.174737
0.325703
0.1348
0.023824
0.175808
0.327971
0.136131
0.024221
0.176575
0.330325
0.135039
0.024152
0.177407
0.330017
0.13618
0.024592
0.178295
0.332358
0.132808
0.024532
0.180836
0.331591
0.132371
0.025655
0.179848
0.331289
0.132502
0.0259
0.179518
0.331325
0.138454
0.026369
0.178461
0.336283
0.144624
0.026646
0.179382
0.343111
0.14388
0.026501
0.182373
0.345151
0.142192
0.026319
0.18377
0.344714
0.143651
0.027385
0.182813
0.345767
0.141178
0.026514
0.186558
0.346628
0.142815
0.027072
0.186957
0.34906
0.139853
0.027259
0.189186
0.348637
0.142868
0.027972
0.188194
0.35113
0.147982
0.028421
0.187626
0.355711
0.14284
0.027704
0.192392
0.354835
0.14568
0.028328
0.191526
0.357197
0.143435
0.028743
0.193097
0.357021
0.145938
0.029599
0.192534
0.359581
0.148049
0.029841
0.192619
0.361822
0.149585
0.029989
0.193235
0.363943
0.145877
0.029641
0.196623
0.363439
0.148217
0.031448
0.193494
0.36355
0.154701
0.030519
0.19425
0.370036
0.157771
0.030484
0.195619
0.374086
0.154898
0.030144
0.198077
0.373426
0.157484
0.030371
0.19975
0.377587
0.155156
0.030246
0.201656
0.377135
0.156019
0.030849
0.202633
0.379419
0.163893
0.031337
0.20132
0.385737
0.155355
0.030769
0.208767
0.384508
0.156927
0.032058
0.207227
0.385131
0.157714
0.031534
0.208094
0.386676
0.157481
0.031639
0.208214
0.386686
0.155863
0.033031
0.208644
0.386915
0.16376
0.03411
0.20697
0.393444
0.161845
0.033948
0.208627
0.393105
0.167468
0.033898
0.209444
0.398839
0.16702
0.033991
0.21168
0.400615
0.166748
0.034184
0.213602
0.402321
0.160936
0.035042
0.218205
0.40226
0.163214
0.036185
0.217496
0.404647
0.165358
0.036393
0.217373
0.40663
0.162566
0.037247
0.219589
0.407029
0.164272
0.038568
0.218255
0.408019
0.167479
0.038398
0.218547
0.411535
0.165604
0.0386
0.219957
0.411266
0.162644
0.039371
0.222582
0.411836
0.162292
0.041202
0.222654
0.413328
0.165455
0.041368
0.22196
0.415639
0.163856
0.040917
0.223813
0.415535
0.169682
0.040913
0.222073
0.418999
0.169375
0.039797
0.225253
0.42066
0.170965
0.039874
0.225644
0.422519
0.167557
0.040125
0.228344
0.422258
0.16935
0.0408
0.22824
0.424334
0.171333
0.040908
0.22821
0.426137
0.17268
0.04092
0.228762
0.427826
0.171762
0.04094
0.229474
0.427681
0.169254
0.041269
0.231459
0.427637
0.17389
0.041615
0.230844
0.431422
0.175063
0.041573
0.231551
0.433039
0.176076
0.041563
0.232417
0.434705
0.179388
0.041276
0.233062
0.43788
0.184452
0.040597
0.234034
0.442501
0.176471
0.040573
0.24042
0.441396
0.179098
0.04276
0.238027
0.442064
0.180821
0.042104
0.240356
0.446326
0.180363
0.042452
0.240611
0.446506
0.181577
0.042967
0.241038
0.448453
0.178388
0.044026
0.243389
0.448821
0.175617
0.046919
0.24494
0.450505
0.17769
0.048282
0.244583
0.453213
0.179593
0.048777
0.243411
0.453644
0.181486
0.047675
0.244895
0.456125
0.18295
0.047325
0.245699
0.45784
0.189041
0.04604
0.246127
0.462228
0.1835
0.045866
0.250751
0.461509
0.178497
0.048278
0.254001
0.462398
0.180809
0.049903
0.253109
0.465013
0.181303
0.050761
0.252726
0.465876
0.186211
0.050244
0.25248
0.469364
0.18721
0.049805
0.25354
0.470758
0.188153
0.049468
0.254581
0.472177
0.184619
0.049919
0.257506
0.472244
0.190813
0.049186
0.257551
0.476808
0.191521
0.049018
0.25858
0.478146
0.190325
0.049226
0.259392
0.478028
0.193435
0.048749
0.260219
0.480946
0.194212
0.048639
0.261166
0.482333
0.194484
0.048648
0.262393
0.483617
0.194863
0.048803
0.263512
0.485052
0.197732
0.048264
0.264402
0.487714
0.204897
0.046254
0.265449
0.492711
0.203748
0.046301
0.267735
0.4938
0.205924
0.047852
0.265691
0.493272
0.203967
0.046307
0.270164
0.495998
0.203145
0.046916
0.27204
0.49756
0.202818
0.047551
0.273291
0.498882
0.202708
0.048215
0.274453
0.500377
0.198318
0.050898
0.276557
0.500984
0.193693
0.056938
0.278119
0.503894
0.194334
0.059134
0.277501
0.505144
0.197968
0.058965
0.278821
0.50976
0.196713
0.059602
0.280464
0.510868
0.200089
0.058729
0.281388
0.513618
0.199305
0.058905
0.28205
0.513711
0.200357
0.05863
0.283006
0.515164
0.201597
0.058218
0.283794
0.516483
0.199443
0.059169
0.285531
0.517119
0.200523
0.059391
0.286272
0.518837
0.204104
0.058152
0.286924
0.521162
0.204925
0.057848
0.287878
0.522365
0.202247
0.059076
0.289613
0.522793
0.208237
0.058577
0.288916
0.5249
0.213251
0.05514
0.291372
0.52992
0.210689
0.055983
0.29262
0.529267
0.205468
0.058434
0.295703
0.529876
0.201504
0.063308
0.297439
0.53255
0.202357
0.065203
0.297726
0.53511
0.208272
0.062654
0.298635
0.538312
0.206143
0.063681
0.300071
0.538764
0.205
0.064474
0.300861
0.539247
0.202745
0.06786
0.302103
0.541525
0.201798
0.071423
0.303359
0.545156
0.20461
0.072196
0.301847
0.544813
0.20734
0.068641
0.304971
0.548417
0.206199
0.068777
0.306096
0.548677
0.204647
0.069883
0.307197
0.54937
0.206207
0.069571
0.307689
0.550734
0.207961
0.068709
0.308102
0.551694
0.207056
0.069231
0.308639
0.551887
0.208383
0.068741
0.309278
0.553026
0.207288
0.069539
0.309856
0.553358
0.206063
0.071214
0.310435
0.554354
0.207496
0.071047
0.310983
0.555789
0.206907
0.071501
0.31147
0.556156
0.210239
0.06977
0.31243
0.55802
0.20889
0.070404
0.313131
0.5581
0.211847
0.068892
0.314237
0.559971
0.214709
0.067166
0.315361
0.561577
0.217361
0.065459
0.316627
0.563165
0.21772
0.065036
0.317602
0.563823
0.2218
0.062367
0.319432
0.5661
0.223356
0.061121
0.320927
0.567327
0.218808
0.06424
0.321865
0.567144
0.212803
0.070466
0.322651
0.56832
0.209486
0.077286
0.323294
0.572217
0.209634
0.079932
0.324161
0.575533
0.211126
0.07999
0.324175
0.575907
0.213353
0.077492
0.326302
0.578116
0.212693
0.077523
0.327325
0.578585
0.212027
0.078252
0.328254
0.579552
0.211702
0.079472
0.329118
0.581176
0.213393
0.078673
0.329896
0.582431
0.214977
0.077573
0.330381
0.583021
0.214677
0.077587
0.330695
0.583112
0.214235
0.077845
0.330915
0.583178
0.217185
0.075699
0.332249
0.58463
0.218262
0.074872
0.332968
0.58528
0.216655
0.076141
0.333218
0.585291
0.214409
0.078705
0.333513
0.585947
0.212937
0.081712
0.333963
0.587803
0.214385
0.081221
0.334743
0.589114
0.215988
0.079887
0.335501
0.589805
0.215745
0.080026
0.335661
0.589868
0.215049
0.080576
0.336217
0.5903
0.216432
0.079687
0.336967
0.591179
0.21786
0.078591
0.33765
0.591852
0.21916
0.077549
0.338361
0.592488
0.220325
0.076605
0.339075
0.593095
0.218988
0.07786
0.339163
0.593164
0.216735
0.080573
0.339299
0.593792
0.216069
0.081682
0.339521
0.594425
0.214909
0.08419
0.340076
0.596185
0.219868
0.080126
0.342425
0.598353
0.218938
0.080848
0.34266
0.598422
0.220061
0.079935
0.343554
0.59924
0.220069
0.079961
0.343541
0.599204
0.221331
0.078888
0.344263
0.599781
0.222368
0.078046
0.344983
0.600366
0.221149
0.079467
0.344974
0.600598
0.221855
0.079113
0.34573
0.601371
0.221078
0.080215
0.345747
0.601703
0.223511
0.07824
0.34734
0.603055
0.2222
0.079961
0.347203
0.603348
0.220019
0.083193
0.347303
0.604456
0.219427
0.084154
0.347567
0.605066
0.221605
0.082604
0.349502
0.606897
0.221226
0.083355
0.349644
0.607376
0.223818
0.081019
0.351383
0.608659
0.223499
0.081446
0.351349
0.608725
0.225955
0.079097
0.353072
0.609888
0.225687
0.079482
0.35298
0.609888
0.224213
0.081613
0.352754
0.610341
0.224612
0.081551
0.353615
0.611198
0.227131
0.079126
0.355296
0.612272
0.225965
0.08096
0.355038
0.612674
0.224682
0.083041
0.354823
0.613217
0.224968
0.083113
0.355928
0.614333
0.227488
0.080544
0.35774
0.615398
0.226336
0.082536
0.357619
0.616089
0.22685
0.082308
0.358651
0.61704
0.226733
0.082527
0.358636
0.617091
0.23048
0.078455
0.361425
0.618553
0.229348
0.080679
0.36085
0.619013
0.226954
0.08498
0.360214
0.620171
0.223637
0.090107
0.361842
0.623471
0.221869
0.093027
0.363902
0.626472
0.222714
0.092557
0.364609
0.626467
0.224458
0.089986
0.36644
0.627842
0.224538
0.090053
0.366414
0.62794
0.224654
0.090156
0.366386
0.628118
0.227478
0.087166
0.36825
0.629081
0.227228
0.088305
0.367888
0.629524
0.227024
0.088874
0.367862
0.629818
0.228542
0.087999
0.368453
0.62903
0.230101
0.084739
0.371068
0.630909
0.230947
0.081979
0.373467
0.630535
0.231164
0.081933
0.373568
0.631262
0.2313
0.08277
0.372887
0.631378
0.232606
0.082654
0.372811
0.632115
0.234883
0.081175
0.373321
0.630073
0.238732
0.073521
0.378811
0.632885
0.23886
0.073184
0.378996
0.633477
0.238825
0.074914
0.377594
0.633203
0.238959
0.076053
0.376909
0.633685
0.239642
0.076499
0.376588
0.633365
0.242145
0.073329
0.378707
0.633433
0.242514
0.072295
0.379568
0.634946
0.242815
0.072643
0.379244
0.633875
0.24348
0.072155
0.379868
0.63521
0.247089
0.067283
0.383394
0.63628
0.24676
0.068509
0.382652
0.63625
0.245662
0.070748
0.381693
0.637524
0.245579
0.071827
0.380959
0.635961
0.249354
0.065483
0.385458
0.634686
0.251744
0.060893
0.388277
0.637495
0.251074
0.065835
0.385055
0.637861
0.248781
0.069013
0.38526
0.638993
0.248221
0.070549
0.385077
0.638225
0.24774
0.070357
0.386548
0.640353
0.246371
0.071438
0.386963
0.640629
0.243531
0.079276
0.384838
0.642683
0.243607
0.079899
0.386119
0.642977
0.243712
0.078286
0.388611
0.644901
0.243379
0.080035
0.387521
0.644731
0.242872
0.083885
0.387631
0.647885
0.24148
0.084964
0.389877
0.649567
0.243634
0.080611
0.393844
0.65031
0.24345
0.084569
0.392467
0.652162
0.243193
0.085963
0.392244
0.652948
0.245254
0.082325
0.396108
0.65003
0.246494
0.075534
0.401814
0.654049
0.247665
0.074722
0.402217
0.654161
0.248684
0.07419
0.402244
0.654431
0.251092
0.072802
0.402733
0.654914
0.251835
0.073717
0.401799
0.654084
0.252183
0.073486
0.402122
0.655489
0.251787
0.07327
0.403
0.654851
0.253049
0.071286
0.404996
0.655898
0.25453
0.069592
0.406357
0.653641
0.256044
0.071027
0.405229
0.657045
0.256209
0.074215
0.403426
0.658304
0.256499
0.074721
0.40384
0.657284
0.25696
0.071094
0.407199
0.658268
0.256562
0.071008
0.408256
0.658938
0.255747
0.078033
0.404423
0.660675
0.255872
0.076467
0.407251
0.66155
0.255612
0.077193
0.407041
0.661646
0.255608
0.07641
0.408397
0.659821
0.255999
0.07451
0.410191
0.662174
0.255285
0.0795
0.4083
0.66388
0.254816
0.080286
0.409024
0.66407
0.254784
0.078105
0.41172
0.663799
0.254663
0.074377
0.415461
0.664605
0.254388
0.076659
0.413794
0.665773
0.254526
0.081758
0.410987
0.666393
0.252918
0.082565
0.413274
0.667781
0.252393
0.083176
0.413707
0.666745
0.252253
0.082561
0.41501
0.668552
0.251609
0.083554
0.414951
0.6688
0.25131
0.084039
0.415448
0.668062
0.252054
0.079396
0.419953
0.667027
0.254002
0.081325
0.418758
0.670519
0.253847
0.085863
0.415892
0.673969
0.253003
0.089271
0.413878
0.672602
0.252836
0.086041
0.416889
0.666034
0.254648
0.082025
0.419936
0.672444
0.254325
0.086593
0.417082
0.673643
0.254455
0.085312
0.418949
0.67429
0.254865
0.081508
0.422422
0.671366
0.25603
0.079244
0.423964
0.674042
0.256889
0.082956
0.42153
0.675249
0.257658
0.081605
0.423371
0.675088
0.258498
0.077211
0.427039
0.676046
0.258289
0.082913
0.423162
0.676781
0.257321
0.088548
0.422148
0.679647
0.253873
0.096515
0.423426
0.684852
0.25185
0.095674
0.428501
0.68661
0.251168
0.099322
0.42886
0.689459
0.249245
0.104667
0.430191
0.693568
0.247281
0.108639
0.43202
0.697061
0.248795
0.09636
0.444245
0.697183
0.249997
0.098327
0.442394
0.697805
0.250446
0.102984
0.438817
0.700963
0.250058
0.103368
0.438907
0.699286
0.250667
0.097372
0.444117
0.69763
0.25156
0.09643
0.444505
0.698824
0.251955
0.096052
0.444847
0.697783
0.254998
0.090163
0.448637
0.698465
0.255519
0.090412
0.448275
0.696897
0.258167
0.092567
0.445366
0.699156
0.25906
0.095646
0.443382
0.700608
0.257985
0.096696
0.444239
0.701139
0.257177
0.096257
0.446057
0.701493
0.256387
0.100504
0.445134
0.703521
0.253591
0.107706
0.445534
0.707525
0.251989
0.107563
0.448358
0.708312
0.250865
0.107321
0.45028
0.708685
0.252913
0.099903
0.45579
0.708303
0.255767
0.105275
0.451753
0.710869
0.254386
0.111229
0.452222
0.715075
0.253237
0.111277
0.454091
0.714705
0.251729
0.104614
0.460906
0.709739
0.253876
0.102338
0.462416
0.714701
0.254612
0.107535
0.458689
0.716536
0.254326
0.110423
0.457949
0.717928
0.253841
0.099233
0.468114
0.714541
0.25889
0.096994
0.4666
0.716319
0.259161
0.100406
0.463852
0.717429
0.259422
0.10588
0.459675
0.717755
0.259083
0.095713
0.468172
0.714549
0.262533
0.09209
0.468669
0.715677
0.262787
0.09809
0.46406
0.716408
0.262607
0.096599
0.465469
0.716184
0.261899
0.091614
0.469802
0.712061
0.262595
0.085296
0.473954
0.71351
0.263627
0.088808
0.470752
0.713496
0.263965
0.088237
0.471005
0.712086
0.265665
0.087535
0.470364
0.713757
0.272099
0.080714
0.471
0.71111
0.275451
0.091879
0.462638
0.714352
0.269214
0.102602
0.463085
0.718831
0.26507
0.107306
0.464086
0.720609
0.25935
0.113282
0.465626
0.722595
0.254717
0.108504
0.474546
0.719031
0.257001
0.108433
0.475015
0.723819
0.259571
0.11479
0.472659
0.728637
0.259147
0.116359
0.473035
0.72993
0.257585
0.108783
0.481251
0.729233
0.257685
0.108717
0.48131
0.729047
0.258218
0.113499
0.477735
0.730291
0.258483
0.111746
0.479338
0.730159
0.258212
0.103578
0.486021
0.727997
0.259983
0.103562
0.484917
0.728763
0.261193
0.105782
0.482635
0.728931
0.264229
0.103016
0.48289
0.728284
0.263926
0.096845
0.487634
0.724569
0.265882
0.095015
0.4877
0.726505
0.267401
0.095011
0.486512
0.725276
0.269599
0.093562
0.485906
0.725346
0.270797
0.093688
0.485259
0.725059
0.271886
0.089573
0.487595
0.723976
0.27345
0.096451
0.482849
0.725531
0.272091
0.093875
0.485967
0.723373
0.272273
0.093828
0.485948
0.724666
0.272098
0.093457
0.486473
0.724508
0.270709
0.086916
0.492156
0.721375
0.272923
0.086671
0.490792
0.722518
0.276174
0.085998
0.489434
0.721622
0.278049
0.091048
0.485065
0.721977
0.278105
0.089266
0.486704
0.720078
0.277835
0.084552
0.489905
0.720847
0.276051
0.081985
0.49263
0.716451
0.280381
0.086491
0.487339
0.719749
0.281683
0.090385
0.484535
0.720999
0.277802
0.093187
0.4858
0.721938
0.274689
0.092255
0.488913
0.718232
0.274424
0.089824
0.491503
0.72135
0.275726
0.097178
0.487445
0.723756
0.273873
0.089451
0.494908
0.722387
0.275178
0.092372
0.492254
0.722616
0.277493
0.100651
0.487834
0.726401
0.274252
0.097881
0.493501
0.72622
0.273336
0.097978
0.494779
0.726324
0.272628
0.098057
0.496007
0.726609
0.273481
0.104799
0.493445
0.729933
0.269085
0.105997
0.497298
0.73111
0.267284
0.10654
0.498457
0.729038
0.265104
0.099225
0.505826
0.729018
0.269935
0.101811
0.501913
0.729933
0.274168
0.110445
0.497647
0.735531
0.272514
0.110186
0.500271
0.735588
0.267323
0.09672
0.513388
0.73134
0.272871
0.099764
0.508609
0.732837
0.274888
0.097582
0.509888
0.732877
0.27738
0.102656
0.506736
0.735407
0.276127
0.098647
0.511043
0.733954
0.27619
0.09834
0.511134
0.73442
0.276629
0.098721
0.510994
0.734265
0.275515
0.098819
0.511793
0.731954
0.279333
0.091895
0.51474
0.732132
0.283516
0.097592
0.508794
0.73288
0.286776
0.101615
0.504905
0.734758
0.286445
0.105114
0.504296
0.736489
0.280854
0.100273
0.510996
0.728578
0.281072
0.094417
0.515266
0.733853
0.281601
0.097692
0.513003
0.733975
0.282255
0.100566
0.511319
0.735017
0.279692
0.096856
0.515504
0.731956
0.281245
0.100464
0.512595
0.734027
0.282016
0.102766
0.511272
0.735332
0.279778
0.099569
0.515185
0.733926
0.275199
0.096238
0.519561
0.725396
0.280766
0.094116
0.518765
0.731664
0.284832
0.104559
0.514352
0.738298
0.28026
0.101699
0.520796
0.737799
0.275629
0.095088
0.52768
0.730673
0.276373
0.086167
0.532757
0.73357
0.284284
0.098331
0.522478
0.737034
0.286441
0.10334
0.519859
0.739477
0.281001
0.104579
0.523336
0.739692
0.279445
0.094396
0.531767
0.736131
0.284498
0.096844
0.527332
0.736417
0.284113
0.096306
0.527771
0.73396
0.28669
0.079292
0.536325
0.729966
0.2874
0.080668
0.534619
0.726764
0.292781
0.089689
0.527038
0.731374
0.292907
0.094629
0.525542
0.734319
0.283617
0.083894
0.537169
0.721777
0.286352
0.076448
0.539856
0.727962
0.289069
0.08129
0.535123
0.727861
0.29051
0.085337
0.531949
0.727682
0.288885
0.07934
0.53651
0.725011
0.292335
0.07945
0.533953
0.726603
0.293034
0.079787
0.533044
0.724836
0.292207
0.072904
0.53663
0.722394
0.285311
0.056627
0.548378
0.707783
0.294057
0.051955
0.546098
0.714593
0.298819
0.064328
0.536609
0.716072
0.306307
0.07513
0.528873
0.720725
0.305153
0.073021
0.529929
0.717244
0.305933
0.077902
0.526686
0.716765
0.305052
0.090405
0.524232
0.723926
0.30285
0.102913
0.518634
0.726386
0.294097
0.093238
0.531333
0.724348
0.291669
0.098433
0.530657
0.72574
0.292482
0.103618
0.527991
0.729953
0.291284
0.109223
0.525925
0.729339
0.288493
0.109151
0.528713
0.727766
0.286501
0.106483
0.532344
0.731259
0.28855
0.119821
0.523007
0.733841
0.283584
0.112234
0.530348
0.72849
0.280458
0.101873
0.538054
0.728423
0.281392
0.10323
0.536857
0.728957
0.282997
0.108634
0.535632
0.732422
0.283182
0.112295
0.535329
0.734619
0.276428
0.105385
0.544432
0.727078
0.279234
0.104376
0.544701
0.733883
0.280522
0.107454
0.542618
0.734164
0.282483
0.110079
0.542186
0.737254
0.262478
0.078423
0.571565
0.713271
0.270297
0.064155
0.577488
0.724895
0.301299
0.093703
0.545264
0.73165
0.299017
0.0902
0.549007
0.727518
0.29363
0.075961
0.559453
0.725633
0.301982
0.090258
0.547896
0.728607
0.302412
0.107762
0.541004
0.734563
0.300553
0.108528
0.543221
0.737566
0.289401
0.100528
0.554569
0.732776
0.290165
0.104493
0.552213
0.733187
0.290666
0.117925
0.547241
0.739582
0.282683
0.127815
0.55058
0.744833
0.274701
0.12684
0.55784
0.746101
0.270072
0.103191
0.575807
0.739524
0.278836
0.117214
0.564871
0.744117
0.281413
0.126331
0.558973
0.747358
0.278027
0.1221
0.563647
0.745727
0.277736
0.110115
0.571292
0.741915
0.283563
0.113871
0.565854
0.741103
0.2858
0.121877
0.560786
0.744578
0.281187
0.125573
0.561626
0.745106
0.274698
0.130557
0.563694
0.747132
0.272171
0.124872
0.570248
0.745855
0.277487
0.131899
0.565431
0.749171
0.276212
0.138339
0.562503
0.751176
0.269921
0.135693
0.56804
0.751059
0.268313
0.122159
0.57834
0.747324
0.275689
0.119712
0.576738
0.746068
0.275809
0.117976
0.577661
0.743457
0.283059
0.124649
0.570148
0.745865
0.284126
0.137016
0.562128
0.750139
0.273567
0.13176
0.570242
0.748571
0.271512
0.123288
0.577296
0.745906
0.278005
0.125712
0.573045
0.745852
0.279222
0.122877
0.573874
0.744638
0.280047
0.135004
0.565972
0.748245
0.272675
0.132682
0.571641
0.747976
0.270788
0.119522
0.581765
0.744039
0.278086
0.112385
0.582775
0.740868
0.287073
0.09815
0.586181
0.734137
0.302341
0.117186
0.566889
0.736857
0.294911
0.123126
0.566457
0.737071
0.287923
0.119982
0.571067
0.733064
0.282619
0.094073
0.586064
0.721556
0.30252
0.11436
0.566094
0.726979
0.29841
0.128551
0.557195
0.728578
0.282337
0.121473
0.565965
0.724376
0.279518
0.108157
0.576821
0.720166
0.280816
0.107097
0.577255
0.717731
0.286543
0.115098
0.57089
0.722753
0.286491
0.116077
0.570991
0.7235
0.270291
0.085686
0.596452
0.711655
0.296695
0.105199
0.574584
0.718465
0.299281
0.121532
0.563397
0.72281
0.283308
0.117902
0.571386
0.720097
0.282143
0.112371
0.577044
0.718317
0.288178
0.108817
0.576747
0.716326
0.291548
0.10894
0.574718
0.715003
0.292901
0.116842
0.571748
0.718323
0.286896
0.110169
0.578614
0.714469
0.289674
0.119858
0.573863
0.71804
0.281088
0.109964
0.584833
0.71381
0.28229
0.108245
0.585112
0.71004
0.293707
0.123124
0.577492
0.719365
0.286495
0.131439
0.580852
0.724334
0.269354
0.141061
0.588587
0.728874
0.264376
0.135164
0.598429
0.727576
0.267215
0.137469
0.596449
0.728533
0.270878
0.134573
0.598008
0.728556
0.272949
0.138765
0.597197
0.731741
0.270041
0.134937
0.601892
0.730037
0.272072
0.132803
0.60223
0.728492
0.274859
0.125727
0.604273
0.724221
0.280785
0.133998
0.597072
0.726297
0.275599
0.140025
0.597248
0.727708
0.266184
0.145542
0.599889
0.72908
0.258313
0.116447
0.624619
0.718959
0.278091
0.10699
0.623778
0.715813
0.295196
0.123849
0.606798
0.71933
0.287288
0.131222
0.602336
0.716474
0.274372
0.116274
0.610513
0.702835
0.279902
0.121479
0.596628
0.695922
0.26919
0.072006
0.623096
0.669632
0.307154
0.106907
0.585422
0.673533
0.305446
0.109375
0.584867
0.67423
0.290328
0.119738
0.5841
0.673221
0.284763
0.12221
0.584725
0.672931
0.272472
0.123306
0.592057
0.670998
0.266947
0.122308
0.598707
0.671256
0.265804
0.115138
0.607693
0.668344
0.276891
0.127086
0.602157
0.675758
0.272876
0.137784
0.605543
0.682599
0.263597
0.136667
0.61386
0.68041
0.260328
0.133458
0.619682
0.67849
0.25983
0.1223
0.628921
0.672999
0.266921
0.128971
0.623456
0.674815
0.272127
0.137089
0.621825
0.681517
0.268978
0.146578
0.615624
0.684591
0.256535
0.14595
0.619429
0.681294
0.252372
0.141559
0.62624
0.677654
0.255157
0.143988
0.624908
0.679329
0.253505
0.13744
0.631673
0.677048
0.256559
0.139378
0.629928
0.678147
0.261243
0.137019
0.631469
0.676672
0.260925
0.131054
0.635779
0.673572
0.267307
0.132117
0.631999
0.670371
0.251632
0.103689
0.656394
0.650402
0.279089
0.124458
0.631057
0.655344
0.276625
0.134946
0.624914
0.660919
0.258685
0.139114
0.627555
0.65658
0.243351
0.131471
0.641895
0.639984
0.238122
0.11951
0.652065
0.63956
0.255644
0.130759
0.643797
0.648951
0.255186
0.132507
0.646019
0.642944
0.252646
0.122919
0.653061
0.641114
0.256736
0.129625
0.64714
0.63991
0.250426
0.119874
0.656596
0.627633
0.245464
0.103471
0.666907
0.618551
0.252843
0.111959
0.657997
0.616897
0.26426
0.12568
0.644374
0.624483
0.264174
0.124289
0.645321
0.62661
0.252606
0.113561
0.658223
0.607802
0.260138
0.122361
0.651807
0.610222
0.264485
0.128435
0.647687
0.612721
0.25924
0.132097
0.648925
0.603918
0.246573
0.14873
0.638662
0.590067
0.230269
0.163174
0.643869
0.582367
0.220676
0.162194
0.657358
0.579576
0.210562
0.179046
0.668949
0.57052
0.205585
0.17724
0.684118
0.567444
0.213534
0.189497
0.673359
0.57652
0.213859
0.186956
0.675368
0.578425
0.21458
0.187952
0.676255
0.578955
0.203523
0.176135
0.697582
0.560495
0.205832
0.180487
0.697643
0.559023
0.204491
0.174113
0.709272
0.553473
0.202879
0.170666
0.719677
0.544971
0.196381
0.16158
0.739363
0.526798
0.203508
0.168813
0.738359
0.525849
0.201032
0.16217
0.779887
0.480686
0.218766
0.197737
0.791236
0.479689
0.204665
0.230017
0.802598
0.486272
0.184036
0.231927
0.790552
0.478052
0.184644
0.231434
0.789531
0.477271
0.186617
0.230017
0.786859
0.475925
0.187361
0.229418
0.785721
0.475659
0.188364
0.228506
0.783447
0.47451
0.187317
0.22839
0.781719
0.473658
0.18695
0.228442
0.781181
0.473401
0.186793
0.228647
0.780148
0.47335
0.186965
0.228731
0.779999
0.473471
0.187725
0.229032
0.779564
0.473989
0.204865
0.226733
0.754867
0.517346
0.195217
0.231757
0.757078
0.504843
0.191312
0.230915
0.757986
0.502623
0.185876
0.229955
0.759562
0.498628
0.185126
0.229059
0.759369
0.497978
0.185337
0.228487
0.760031
0.497584
0.185911
0.227844
0.760995
0.497392
0.191143
0.225521
0.765571
0.498949
0.192619
0.225314
0.771256
0.50058
0.192629
0.225524
0.77334
0.501125
0.192554
0.225681
0.774731
0.501559
0.192336
0.225995
0.775729
0.501814
0.192336
0.225995
0.775729
0.501814
