0.004965
0.005624
0.057618
0.047033
0.005908
0.001349
0.052946
0.048385
0.029152
0.007228
0.104463
0.140385
0.050706
0.023783
0.067984
0.140585
0.044751
0.005788
0.109453
0.159238
0.044867
0.010754
0.10011
0.154364
0.05902
0.002699
0.120079
0.180751
0.074494
0.012933
0.10059
0.186064
0.072991
0.008276
0.115301
0.195195
0.090879
0.02526
0.085882
0.198285
0.078613
0.008639
0.132824
0.218233
0.08057
0.009756
0.131881
0.220271
0.089031
0.015829
0.121492
0.223729
0.082623
0.0129
0.135153
0.228544
0.08207
0.012201
0.13581
0.228018
0.082143
0.012309
0.134789
0.22719
0.098112
0.029296
0.105213
0.227033
0.124563
0.031173
0.097478
0.246796
0.106495
0.0175
0.141283
0.261894
0.113212
0.017717
0.147314
0.274573
0.108887
0.016356
0.153531
0.275189
0.114754
0.018188
0.150318
0.279241
0.130213
0.032755
0.128259
0.282337
0.136679
0.025303
0.140076
0.295828
0.124552
0.019132
0.165631
0.30433
0.125864
0.020911
0.163725
0.304989
0.128338
0.02082
0.16694
0.310854
0.140148
0.023232
0.164007
0.321424
0.137258
0.022649
0.170476
0.324351
0.13414
0.022585
0.174402
0.325119
0.140526
0.0239
0.17387
0.331793
0.134968
0.023186
0.178084
0.329897
0.147451
0.025116
0.176572
0.341906
0.141846
0.024358
0.181032
0.340173
0.151462
0.026996
0.177111
0.347153
0.160841
0.027924
0.176499
0.357035
0.168366
0.035299
0.165044
0.356757
0.162463
0.025973
0.186156
0.365301
0.166682
0.025691
0.190949
0.373534
0.165755
0.026762
0.191645
0.373838
0.168649
0.027085
0.193458
0.378857
0.17481
0.029335
0.194299
0.385863
0.174295
0.026275
0.202854
0.392212
0.169328
0.02611
0.207438
0.391772
0.175741
0.027372
0.207759
0.398887
0.171681
0.027563
0.210401
0.397807
0.178334
0.033056
0.20255
0.398445
0.185213
0.031052
0.204924
0.406606
0.195054
0.031718
0.203783
0.415803
0.188455
0.02886
0.216012
0.418776
0.200042
0.028052
0.217332
0.429524
0.200447
0.028508
0.217509
0.429789
0.202567
0.030067
0.216077
0.430463
0.204687
0.030116
0.216697
0.432475
0.209328
0.026239
0.222724
0.440826
0.209441
0.027711
0.221528
0.440002
0.211035
0.027876
0.222276
0.441627
0.202054
0.026755
0.232887
0.443333
0.202167
0.027348
0.237782
0.448701
0.200223
0.0288
0.241577
0.451754
0.201646
0.031203
0.23982
0.451889
0.203514
0.030124
0.242645
0.456641
0.200095
0.030609
0.246543
0.457673
0.201487
0.03322
0.243745
0.456492
0.202284
0.031892
0.246378
0.460036
0.208876
0.037064
0.239282
0.458201
0.212083
0.030972
0.248793
0.469656
0.209551
0.031343
0.250466
0.469323
0.191692
0.036342
0.261763
0.469082
0.190595
0.039883
0.262147
0.471165
0.191529
0.042235
0.26248
0.474619
0.19559
0.045301
0.261082
0.478679
0.198993
0.047097
0.262644
0.485152
0.195551
0.048826
0.266277
0.487283
0.197648
0.05039
0.26549
0.488413
0.200261
0.04892
0.267534
0.492475
0.202982
0.050085
0.265364
0.491968
0.205664
0.047265
0.268196
0.495933
0.209604
0.045454
0.270283
0.499182
0.21016
0.045144
0.273138
0.501814
0.210415
0.045904
0.273345
0.502222
0.211323
0.045305
0.276452
0.50566
0.211788
0.045903
0.277084
0.50688
0.215581
0.047017
0.275394
0.507293
0.215691
0.044524
0.279041
0.51078
0.216358
0.045022
0.278789
0.510753
0.221724
0.044742
0.277997
0.511778
0.22588
0.040051
0.282512
0.518008
0.229339
0.0374
0.285966
0.520939
0.229875
0.036798
0.289835
0.524035
0.228048
0.03772
0.2926
0.525998
0.228901
0.038829
0.292258
0.525413
0.228316
0.037507
0.295062
0.527873
0.228306
0.037484
0.297485
0.529815
0.228073
0.038768
0.297653
0.530116
0.227686
0.039792
0.300232
0.533259
0.224727
0.042453
0.302964
0.535827
0.224245
0.044649
0.303342
0.53735
0.223116
0.045013
0.304669
0.538246
0.2226
0.046226
0.305119
0.538504
0.221703
0.048531
0.306365
0.541089
0.223531
0.050208
0.304862
0.540394
0.224562
0.049305
0.307555
0.544785
0.227558
0.049969
0.306809
0.544498
0.231285
0.046613
0.311098
0.550206
0.233777
0.045769
0.313849
0.5538
0.233698
0.04684
0.313883
0.553624
0.235454
0.045252
0.316486
0.556488
0.232838
0.042493
0.323172
0.558312
0.234595
0.042809
0.323645
0.559811
0.23369
0.04488
0.323048
0.560117
0.240665
0.041018
0.326998
0.565202
0.239941
0.042175
0.32686
0.565369
0.241513
0.042916
0.327045
0.564916
0.23954
0.044679
0.329068
0.568644
0.237872
0.047281
0.329265
0.569777
0.238872
0.048508
0.330179
0.570358
0.239065
0.04723
0.332076
0.573007
0.242137
0.044722
0.33465
0.57495
0.245673
0.042463
0.336819
0.575709
0.246535
0.039267
0.340289
0.578186
0.248735
0.037936
0.34223
0.579833
0.247781
0.040326
0.341451
0.580152
0.24813
0.04214
0.34105
0.579462
0.249812
0.041178
0.343996
0.583751
0.246325
0.04447
0.346634
0.586714
0.245619
0.046611
0.347131
0.58629
0.242164
0.051421
0.348185
0.589607
0.242279
0.0537
0.349956
0.593134
0.241435
0.056817
0.348983
0.593856
0.241462
0.058403
0.349164
0.594476
0.245437
0.053992
0.353625
0.595692
0.245691
0.052969
0.356488
0.599409
0.248351
0.05186
0.358957
0.60228
0.249099
0.052561
0.358942
0.60077
0.250807
0.049713
0.361758
0.602211
0.250979
0.050062
0.36213
0.604699
0.251979
0.050579
0.362345
0.603996
0.252974
0.047961
0.365139
0.606915
0.257444
0.042212
0.369932
0.608471
0.257524
0.043868
0.36927
0.60781
0.259118
0.042183
0.371144
0.607257
0.26027
0.038981
0.374072
0.610818
0.26081
0.039108
0.374284
0.608881
0.263421
0.034098
0.378547
0.608669
0.264457
0.031674
0.380489
0.612088
0.264964
0.032129
0.380382
0.609776
0.266148
0.029838
0.382474
0.612271
0.267086
0.02751
0.384472
0.613337
0.267309
0.028447
0.384046
0.612576
0.268884
0.026517
0.38607
0.611917
0.269933
0.025402
0.386748
0.614519
0.271262
0.040263
0.37773
0.618952
0.265123
0.047696
0.380222
0.622706
0.263058
0.050804
0.381275
0.62199
0.262278
0.050184
0.384619
0.625547
0.25991
0.050133
0.387371
0.625579
0.257131
0.050692
0.390566
0.627109
0.25626
0.052887
0.393733
0.629883
0.255861
0.058106
0.393876
0.634337
0.250693
0.068294
0.394894
0.63924
0.248756
0.072818
0.394816
0.639732
0.247843
0.072862
0.398066
0.638668
0.248913
0.074544
0.399889
0.645123
0.251316
0.072485
0.402175
0.646695
0.253359
0.076149
0.400466
0.649945
0.255851
0.072711
0.404978
0.652378
0.256225
0.071772
0.406448
0.650561
0.257121
0.069738
0.40821
0.653343
0.259675
0.067958
0.409575
0.65435
0.261443
0.065036
0.41236
0.65358
0.264193
0.061837
0.414806
0.655046
0.265324
0.062987
0.414587
0.655773
0.266873
0.063427
0.41547
0.657917
0.267004
0.064476
0.415594
0.657698
0.268594
0.05847
0.421751
0.659341
0.266351
0.062996
0.422632
0.66252
0.264346
0.060343
0.428
0.657407
0.265873
0.056476
0.431251
0.662696
0.268275
0.051139
0.434857
0.662568
0.270201
0.052775
0.432597
0.663187
0.270138
0.04903
0.436058
0.657664
0.273106
0.037504
0.443616
0.66129
0.27949
0.040251
0.438734
0.662359
0.282345
0.04395
0.435976
0.663638
0.281326
0.041386
0.439831
0.659038
0.283426
0.038298
0.441446
0.663661
0.290427
0.03153
0.443669
0.662578
0.292805
0.039603
0.43775
0.663629
0.29338
0.038813
0.439714
0.662277
0.293405
0.034502
0.443012
0.665209
0.292217
0.03304
0.445284
0.662754
0.294178
0.037144
0.442501
0.664397
0.291352
0.044544
0.441852
0.668428
0.282571
0.060568
0.442605
0.674547
0.277387
0.062979
0.447683
0.6738
0.274069
0.071403
0.447721
0.67859
0.280139
0.054852
0.459992
0.679013
0.288655
0.067832
0.448258
0.682804
0.289815
0.064357
0.452006
0.679601
0.289562
0.064282
0.453316
0.683096
0.284125
0.066911
0.45742
0.686207
0.280608
0.067875
0.459466
0.681514
0.278107
0.05868
0.470163
0.684586
0.279206
0.059573
0.469165
0.68521
0.277675
0.05382
0.474499
0.678385
0.278068
0.041638
0.482739
0.680937
0.29148
0.058566
0.465912
0.684224
0.292489
0.057014
0.468506
0.685514
0.291565
0.053685
0.471736
0.686854
0.282411
0.04314
0.483752
0.669431
0.29572
0.041333
0.480861
0.682814
0.302562
0.043863
0.476543
0.685408
0.302338
0.039363
0.479755
0.682049
0.304918
0.047349
0.473201
0.682366
0.302021
0.041758
0.479654
0.679857
0.303452
0.045283
0.477572
0.681232
0.306248
0.049618
0.474704
0.683766
0.300897
0.039292
0.48584
0.673153
0.303405
0.031462
0.48973
0.681642
0.300241
0.021352
0.49794
0.672103
0.303229
0.016673
0.499201
0.677063
0.307846
0.011716
0.499612
0.67161
0.313859
0.012519
0.495657
0.675366
0.307074
0.000175
0.506825
0.662793
0.311353
0.010391
0.510519
0.66874
0.317168
0.007732
0.505237
0.665367
0.328593
0.002258
0.495732
0.666272
0.331054
0.012259
0.499933
0.656634
0.337602
0.009818
0.494828
0.661255
0.343348
0.002068
0.486262
0.662634
0.337186
0.009471
0.48729
0.666585
0.314617
0.016792
0.501008
0.670056
0.307664
0.031994
0.499084
0.669569
0.291626
0.059871
0.503682
0.685353
0.288915
0.082927
0.495993
0.689658
0.278042
0.087431
0.504104
0.687647
0.268009
0.105547
0.506366
0.701249
0.258742
0.118427
0.51173
0.710807
0.252753
0.120038
0.516393
0.707151
0.249308
0.113713
0.524947
0.711481
0.265215
0.122353
0.517129
0.718529
0.267676
0.120736
0.518786
0.718428
0.265305
0.107907
0.529996
0.714501
0.271876
0.113443
0.525685
0.721367
0.274708
0.120859
0.521705
0.725584
0.274383
0.113915
0.528657
0.725059
0.277757
0.119946
0.528094
0.730821
0.27594
0.11481
0.534847
0.730348
0.27749
0.117684
0.533191
0.731264
0.276763
0.115871
0.535787
0.730071
0.276057
0.11085
0.540031
0.730766
0.280191
0.097968
0.547307
0.727791
0.28555
0.09875
0.544422
0.727941
0.287359
0.100093
0.543385
0.727622
0.281604
0.090448
0.552556
0.720724
0.284398
0.086672
0.553615
0.724076
0.294296
0.080483
0.552241
0.720592
0.296168
0.081009
0.550706
0.718493
0.302864
0.08343
0.545003
0.716842
0.302188
0.075857
0.549525
0.715588
0.299795
0.072376
0.551824
0.709652
0.300092
0.066272
0.553912
0.709877
0.303723
0.068841
0.549094
0.707473
0.313984
0.089745
0.531667
0.710282
0.301597
0.095209
0.537452
0.7125
0.292173
0.091658
0.546006
0.709804
0.287164
0.104677
0.544477
0.714301
0.286727
0.107541
0.545811
0.71859
0.284552
0.127625
0.540886
0.727061
0.275938
0.117911
0.553236
0.725598
0.270296
0.110382
0.560704
0.718976
0.272959
0.104455
0.563785
0.721108
0.275476
0.103918
0.563572
0.719861
0.288408
0.095418
0.564833
0.718701
0.296531
0.102535
0.557776
0.720891
0.297503
0.098099
0.560446
0.718839
0.291443
0.087855
0.569344
0.715005
0.280476
0.069524
0.583624
0.706979
0.28498
0.068137
0.581405
0.706869
0.284767
0.060797
0.584805
0.700339
0.296163
0.065486
0.575769
0.703255
0.316166
0.090096
0.553835
0.707681
0.309265
0.083609
0.561213
0.702148
0.296223
0.059493
0.579113
0.69662
0.298379
0.061231
0.576174
0.6933
0.303022
0.06104
0.572918
0.693488
0.305494
0.06498
0.56837
0.690408
0.311896
0.087342
0.553405
0.691716
0.307387
0.077792
0.560379
0.686533
0.304967
0.07477
0.56155
0.67757
0.299206
0.053052
0.573552
0.672425
0.31847
0.072266
0.552394
0.67391
0.318916
0.064224
0.554404
0.669172
0.320329
0.065541
0.552336
0.668671
0.315018
0.057785
0.558456
0.663912
0.321447
0.064433
0.549127
0.659046
0.325312
0.070485
0.544221
0.659117
0.312448
0.041418
0.563513
0.649083
0.321088
0.04393
0.556373
0.649098
0.333814
0.069242
0.539446
0.652144
0.320987
0.064035
0.548661
0.637246
0.297414
0.024244
0.577495
0.62609
0.288872
0.002573
0.592952
0.625946
0.305538
0.00381
0.586474
0.624591
0.330002
0.021121
0.565864
0.626784
0.371692
0.006851
0.552651
0.601545
0.390888
0.026809
0.535056
0.598583
0.398428
0.033824
0.527212
0.598914
0.397235
0.051266
0.517297
0.597292
0.387416
0.049644
0.520094
0.591458
0.353415
0.064886
0.506571
0.580301
0.345042
0.069754
0.503448
0.57739
0.304489
0.096943
0.501014
0.577768
0.296586
0.108533
0.50496
0.584651
0.27232
0.14703
0.524642
0.612919
0.263683
0.155514
0.535885
0.62493
0.24552
0.170185
0.573786
0.651997
0.240069
0.170511
0.59267
0.661374
0.236175
0.169046
0.611428
0.671426
0.235941
0.170511
0.635084
0.686638
0.237789
0.171296
0.64559
0.694735
0.240474
0.171418
0.66155
0.706059
0.240081
0.171077
0.66309
0.706525
0.239791
0.170984
0.663335
0.706464
0.239519
0.170948
0.663507
0.706352
0.239223
0.170841
0.663701
0.706297
0.238949
0.17096
0.663753
0.706218
0.239004
0.170995
0.663697
0.706285
0.239109
0.171139
0.663552
0.706324
0.239252
0.171319
0.663347
0.706381
0.239379
0.171448
0.663166
0.706426
0.214754
0.135525
0.701968
0.676728
0.204243
0.133732
0.712319
0.653268
0.21584
0.125989
0.710558
0.667944
0.260191
0.147243
0.685904
0.68718
0.254697
0.146327
0.691818
0.679677
0.246952
0.136433
0.701061
0.674494
0.242239
0.133298
0.703641
0.666533
0.242963
0.135555
0.699761
0.664433
0.233711
0.127294
0.708457
0.649246
0.230137
0.121117
0.710803
0.641455
0.228773
0.118103
0.709502
0.634127
0.244207
0.139431
0.678302
0.625597
0.242851
0.140046
0.6775
0.615238
0.219783
0.117149
0.700493
0.583684
0.247734
0.138024
0.659786
0.577246
0.249666
0.138644
0.654853
0.570948
0.233158
0.155237
0.661716
0.556258
0.218828
0.159189
0.675835
0.536686
0.216349
0.158654
0.68812
0.520521
0.219161
0.172179
0.690034
0.509578
0.219021
0.17791
0.693231
0.51141
0.216283
0.187102
0.697412
0.511014
0.205541
0.19485
0.710539
0.493645
0.188211
0.187043
0.735981
0.471903
0.19097
0.198327
0.735181
0.47182
0.19221
0.202009
0.739778
0.472006
0.195462
0.208945
0.742154
0.476021
0.196303
0.215715
0.748112
0.47858
0.194914
0.227151
0.758785
0.485932
0.188666
0.227006
0.761821
0.483748
0.187369
0.227102
0.763606
0.483627
0.186974
0.2275
0.768829
0.484775
0.187451
0.227628
0.770867
0.485563
0.189564
0.228284
0.777513
0.488353
0.189376
0.228235
0.779622
0.488731
0.189257
0.228389
0.782763
0.489447
0.189214
0.228432
0.783148
0.489514
0.189139
0.228428
0.783414
0.489554
0.188667
0.228441
0.783795
0.4894
0.188475
0.228424
0.783736
0.489291
0.188315
0.228395
0.783578
0.489197
0.188104
0.22835
0.782572
0.488807
0.188239
0.228319
0.781709
0.488633
0.188414
0.228263
0.781107
0.48861
0.188789
0.22821
0.779952
0.488493
0.189334
0.228115
0.778144
0.48829
0.189413
0.227957
0.775773
0.48771
0.18915
0.227895
0.775011
0.487363
0.188804
0.227828
0.774337
0.486912
0.188531
0.22776
0.773479
0.486594
0.188531
0.22776
0.773479
0.486594
