0.000788
0.001015
0.009255
0.007462
0.000361
0.000219
0.017015
0.01742
0.000895
0.001023
0.014592
0.014243
0.001418
0.000495
0.01663
0.017259
0.001756
0.000446
0.014999
0.015958
0.003457
0.000722
0.025094
0.028867
0.003055
0.000752
0.018141
0.019899
0.003143
0.000977
0.017731
0.019332
0.004211
0.000727
0.027327
0.030234
0.003581
0.000961
0.018538
0.020506
0.004198
0.000649
0.022817
0.025743
0.004427
0.000321
0.023601
0.027092
0.00498
0.000426
0.026479
0.030325
0.004699
0.001926
0.022632
0.027146
0.010539
0.000698
0.039177
0.048121
0.005832
0.000929
0.03098
0.037074
0.00568
0.000733
0.023577
0.027413
0.007201
0.001031
0.037609
0.042506
0.007318
0.001107
0.032197
0.039745
0.007815
0.000642
0.035604
0.04294
0.006955
0.0002
0.030758
0.036565
0.008261
0.000909
0.037239
0.043054
0.007584
0.001036
0.031989
0.039255
0.008984
0.000628
0.043441
0.050035
0.00926
0.001647
0.036949
0.046545
0.00965
0.000056
0.045216
0.053026
0.010278
0.001386
0.03932
0.049475
0.010566
0.000329
0.049591
0.05768
0.011187
0.001842
0.042217
0.053714
0.011834
0.000939
0.05545
0.063842
0.011078
0.000421
0.053907
0.062143
0.013964
0.003418
0.051611
0.061346
0.009944
0.000986
0.055665
0.063917
0.010149
0.001851
0.045661
0.055237
0.01199
0.00078
0.053287
0.061568
0.010252
0.001878
0.046193
0.055768
0.011905
0.000591
0.053271
0.061499
0.010359
0.001567
0.045634
0.054782
0.010517
0.000775
0.043628
0.052005
0.010811
0.000474
0.044964
0.053263
0.013121
0.002263
0.059942
0.067244
0.011091
0.001836
0.051284
0.061354
0.013756
0.001509
0.060949
0.069582
0.0112
0.001862
0.054108
0.064137
0.014282
0.000907
0.057677
0.067385
0.013588
0.001
0.054736
0.066231
0.011121
0.002225
0.050979
0.060776
0.013477
0.001241
0.057265
0.065479
0.014863
0.002194
0.064762
0.073129
0.013467
0.001867
0.058398
0.070242
0.013836
0.000112
0.060843
0.070496
0.012954
0.001879
0.057114
0.068052
0.013284
0.000735
0.058468
0.068101
0.014855
0.001416
0.064255
0.072912
0.012292
0.002476
0.058892
0.069383
0.012565
0.002019
0.057258
0.06745
0.01298
0.001241
0.058725
0.068393
0.014198
0.000681
0.063956
0.072504
0.012571
0.002436
0.059199
0.069805
0.016217
0.003153
0.069385
0.076924
0.014286
0.000866
0.06475
0.075379
0.012399
0.002725
0.0605
0.070863
0.018253
0.006406
0.07615
0.081322
0.012949
0.00342
0.064824
0.076335
0.015421
0.002032
0.067739
0.075352
0.013897
0.000337
0.072398
0.080215
0.015898
0.001212
0.069415
0.081309
0.016556
0.001502
0.072702
0.081304
0.016016
0.000241
0.070644
0.080958
0.016571
0.000184
0.06882
0.079575
0.016281
0.001357
0.073234
0.081001
0.019887
0.004892
0.079315
0.086608
0.016944
0.000471
0.076634
0.086171
0.015626
0.001618
0.073752
0.084075
0.013965
0.00327
0.071946
0.082239
0.014005
0.003269
0.071891
0.082236
0.014052
0.003271
0.071831
0.082219
0.017965
0.003279
0.081044
0.08679
0.02012
0.003813
0.08304
0.090644
0.014547
0.003837
0.076753
0.087813
0.019913
0.003782
0.083799
0.090562
0.014797
0.002972
0.079501
0.089551
0.017489
0.000159
0.082144
0.091075
0.018376
0.001637
0.086916
0.087311
0.022357
0.005801
0.089606
0.094251
0.020906
0.003383
0.08725
0.095147
0.016256
0.001288
0.084624
0.092481
0.015694
0.002661
0.085955
0.094459
0.018172
0.000469
0.088027
0.096133
0.018229
0.00021
0.089795
0.095753
0.019488
0.006184
0.099723
0.090933
0.028099
0.010753
0.098408
0.099183
0.023264
0.007793
0.101147
0.10266
0.015514
0.004498
0.092504
0.100686
0.018449
0.001555
0.094232
0.101261
0.019522
0.000335
0.094918
0.101437
0.018693
0.00039
0.095435
0.100924
0.018733
0.000127
0.096412
0.101129
0.021119
0.002899
0.100078
0.10254
0.015742
0.005502
0.094382
0.102489
0.0187
0.00189
0.097226
0.103117
0.015786
0.005304
0.094947
0.102586
0.015662
0.005385
0.094588
0.102066
0.021849
0.0021
0.100726
0.103679
0.016595
0.003075
0.100699
0.105978
0.016485
0.004906
0.100718
0.107404
0.019524
0.001782
0.101845
0.107248
0.015775
0.005707
0.098131
0.104995
0.016259
0.005025
0.095972
0.102119
0.020326
0.00034
0.099868
0.103277
0.017766
0.001907
0.10259
0.105606
0.016126
0.005604
0.098485
0.104745
0.019428
0.001895
0.101304
0.1055
0.019183
0.001728
0.102584
0.106379
0.016052
0.006054
0.099483
0.105815
0.026367
0.006565
0.109775
0.107661
0.017371
0.003742
0.106106
0.110057
0.017564
0.004647
0.107793
0.111543
0.018405
0.003907
0.106419
0.110416
0.018504
0.003718
0.104349
0.108154
0.016263
0.006275
0.102537
0.107285
0.027215
0.005856
0.111707
0.108931
0.019753
0.000577
0.111699
0.110781
0.016353
0.006774
0.10696
0.110515
0.016445
0.006603
0.106345
0.109786
0.016573
0.00638
0.105525
0.108707
0.025297
0.002608
0.112037
0.109785
0.016332
0.006104
0.11013
0.111475
0.016517
0.006791
0.10664
0.109641
0.020413
0.002471
0.109895
0.109741
0.019475
0.002386
0.112958
0.111371
0.016155
0.006706
0.113345
0.1144
0.023045
0.000459
0.116203
0.114303
0.017395
0.005064
0.115185
0.114126
0.018365
0.005616
0.112604
0.112976
0.022492
0.00118
0.115525
0.112645
0.020467
0.002313
0.117193
0.113985
0.016098
0.007722
0.116335
0.116088
0.027037
0.002519
0.121188
0.11474
0.018754
0.004301
0.12012
0.11489
0.017977
0.006487
0.11589
0.112441
0.01894
0.002514
0.122589
0.108597
0.020613
0.004159
0.117943
0.112955
0.019265
0.005528
0.118904
0.114567
0.017539
0.007633
0.118693
0.11598
0.022752
0.002417
0.122254
0.115321
0.019301
0.004749
0.123138
0.115784
0.019414
0.005048
0.123583
0.11627
0.017913
0.0076
0.120266
0.116041
0.020198
0.005425
0.119296
0.1134
0.020296
0.004757
0.120651
0.113176
0.01925
0.006072
0.121448
0.11413
0.017037
0.008527
0.12365
0.11777
0.024181
0.001884
0.127043
0.115871
0.017661
0.007498
0.126413
0.117372
0.020181
0.006104
0.119855
0.11171
0.020602
0.005009
0.122701
0.112072
0.021563
0.003794
0.128646
0.114927
0.017827
0.008549
0.12969
0.121357
0.026062
0.000798
0.13233
0.116811
0.025341
0.00023
0.136214
0.115568
0.021738
0.005271
0.130359
0.11602
0.019162
0.008128
0.131381
0.11848
0.021997
0.00565
0.130116
0.115521
0.021071
0.006017
0.129873
0.113002
0.020657
0.006954
0.128745
0.112297
0.018999
0.008169
0.134703
0.117943
0.020731
0.007375
0.13676
0.118998
0.021433
0.006602
0.139827
0.120236
0.018284
0.010556
0.131605
0.117836
0.022576
0.005992
0.127461
0.106274
0.019034
0.008876
0.129557
0.109382
0.018685
0.009695
0.13028
0.112172
0.022696
0.005902
0.133617
0.110324
0.019407
0.008749
0.135046
0.113279
0.018639
0.009972
0.130304
0.111443
0.022554
0.00622
0.133966
0.109378
0.022617
0.005844
0.136578
0.10962
0.024061
0.005017
0.137384
0.108568
0.020119
0.009028
0.140918
0.114623
0.018954
0.010733
0.134997
0.112279
0.025198
0.004663
0.13633
0.103065
0.019958
0.009095
0.139904
0.108736
0.021923
0.008047
0.140067
0.108902
0.021475
0.008728
0.139983
0.10995
0.020878
0.008711
0.14153
0.10746
0.02135
0.008984
0.138796
0.105947
0.019282
0.011134
0.137196
0.106471
0.021508
0.009122
0.133359
0.098822
0.01986
0.010552
0.133866
0.100388
0.019191
0.011347
0.135799
0.103632
0.021637
0.009089
0.138335
0.100959
0.019689
0.010796
0.139684
0.103574
0.024427
0.006509
0.143909
0.098161
0.024051
0.007337
0.143442
0.100087
0.018316
0.012056
0.145219
0.104104
0.018709
0.012094
0.142183
0.103411
0.023982
0.007465
0.138656
0.090338
0.022604
0.009069
0.138583
0.093465
0.020645
0.010223
0.141765
0.088514
0.021142
0.01124
0.139173
0.091267
0.020302
0.012155
0.140609
0.09432
0.019227
0.012804
0.152733
0.09655
0.019464
0.013507
0.153508
0.098672
0.018528
0.014361
0.150929
0.092478
0.020679
0.012803
0.136081
0.078265
0.021589
0.012118
0.13273
0.06889
0.020017
0.013592
0.136925
0.074645
0.018645
0.014954
0.141374
0.080179
0.018686
0.015009
0.141531
0.080676
0.020606
0.013738
0.14756
0.073886
0.020279
0.014256
0.14465
0.073292
0.020377
0.014327
0.141558
0.065022
0.020303
0.014785
0.134699
0.062004
0.01838
0.01643
0.14231
0.069781
0.018482
0.016397
0.142157
0.069697
0.018467
0.016399
0.141962
0.069562
0.018498
0.016373
0.14166
0.069334
0.019879
0.015817
0.148163
0.063364
0.019428
0.016221
0.144905
0.0622
0.005093
0.002244
0.132326
0.009751
0.004786
0.003189
0.117742
0.004865
0.003469
0.001942
0.104744
0.014971
0.003208
0.000141
0.068571
0.046517
0.006135
0.003734
0.024183
0.119041
0.00843
0.011275
0.005538
0.233736
0.009973
0.013912
0.007092
0.251392
0.01057
0.013761
0.005688
0.242474
0.010627
0.013981
0.006071
0.243422
0.010671
0.014055
0.006126
0.243977
0.010704
0.014131
0.006146
0.244645
0.010703
0.01412
0.006123
0.244542
0.010693
0.014097
0.006113
0.244315
0.010678
0.014056
0.00606
0.244148
0.010663
0.014046
0.006082
0.244125
0.010661
0.014052
0.006099
0.244226
0.010673
0.014074
0.006112
0.244363
0.010693
0.014109
0.006137
0.244435
0.01071
0.014119
0.006116
0.244425
0.010705
0.014118
0.006129
0.244395
0.010683
0.01408
0.006108
0.244297
0.01066
0.014048
0.006098
0.244187
0.010658
0.014039
0.006083
0.24411
0.010676
0.014062
0.006087
0.244149
0.010676
0.014062
0.006087
0.244149
