0.003712
0.004786
0.036951
0.032107
0.012121
0.007944
0.053379
0.064773
0.015575
0.007013
0.051635
0.064423
0.014533
0.00559
0.049005
0.060391
0.045699
0.010594
0.070409
0.102184
0.065599
0.018465
0.065177
0.11256
0.070376
0.024684
0.069092
0.122522
0.082005
0.032544
0.071557
0.135472
0.066253
0.023996
0.084402
0.135056
0.078314
0.022267
0.08372
0.140116
0.086351
0.023777
0.085326
0.14698
0.091704
0.024799
0.088373
0.153505
0.097647
0.026201
0.08867
0.157389
0.110976
0.031563
0.094372
0.173667
0.104037
0.028857
0.099575
0.173473
0.110052
0.030983
0.097034
0.175219
0.12917
0.037176
0.093123
0.184249
0.147213
0.042818
0.087777
0.193191
0.143048
0.037422
0.103249
0.202884
0.136265
0.034201
0.112395
0.206296
0.147863
0.038392
0.112695
0.215011
0.151706
0.040147
0.115942
0.22108
0.156765
0.042048
0.118339
0.227023
0.166064
0.044697
0.12001
0.234883
0.168324
0.045121
0.121712
0.237185
0.175085
0.047265
0.120643
0.241105
0.177573
0.048871
0.126875
0.249345
0.182572
0.049474
0.131197
0.256314
0.181933
0.049139
0.133585
0.257016
0.221966
0.052542
0.130248
0.276969
0.217366
0.05163
0.133249
0.276712
0.221342
0.052019
0.139667
0.284822
0.203843
0.049329
0.147806
0.282037
0.208198
0.048914
0.15064
0.285401
0.209738
0.050808
0.153395
0.29047
0.226516
0.052082
0.156293
0.3019
0.191616
0.048398
0.169535
0.294702
0.195428
0.05121
0.169433
0.297761
0.199764
0.051002
0.170274
0.299042
0.214462
0.054091
0.166816
0.305578
0.211354
0.053753
0.172295
0.308814
0.216829
0.053231
0.173675
0.311391
0.232291
0.054901
0.172488
0.319007
0.234779
0.054387
0.17443
0.321584
0.237117
0.053589
0.178893
0.326144
0.243505
0.052202
0.181947
0.329379
0.269846
0.046029
0.189944
0.34056
0.290017
0.050455
0.183739
0.352711
0.299063
0.042712
0.193763
0.360464
0.293574
0.04268
0.196521
0.360043
0.282607
0.04223
0.203727
0.360872
0.270301
0.043954
0.207811
0.359544
0.27095
0.044139
0.211768
0.362879
0.274991
0.043468
0.215779
0.367308
0.277833
0.040425
0.220491
0.369116
0.281964
0.040089
0.223868
0.374421
0.282745
0.040619
0.227113
0.377555
0.283625
0.040196
0.231066
0.380559
0.298225
0.032788
0.239646
0.389522
0.29669
0.033583
0.241546
0.390425
0.29471
0.033768
0.246302
0.3929
0.295615
0.034732
0.248427
0.395391
0.297906
0.030705
0.253671
0.398123
0.298683
0.030047
0.257331
0.400541
0.300977
0.028289
0.261816
0.403701
0.301253
0.027841
0.265226
0.4057
0.299724
0.026979
0.267784
0.405632
0.302697
0.02255
0.27249
0.408053
0.301299
0.02558
0.271327
0.408336
0.301101
0.028391
0.272884
0.41023
0.304306
0.025324
0.278082
0.413491
0.308015
0.015969
0.286332
0.415957
0.310571
0.016765
0.287636
0.418684
0.308438
0.017437
0.289195
0.418233
0.309248
0.019113
0.291343
0.420569
0.307776
0.025091
0.291189
0.421754
0.307498
0.027396
0.293812
0.423796
0.305224
0.033682
0.293687
0.424603
0.303215
0.034116
0.295599
0.424326
0.30217
0.038291
0.29677
0.42628
0.301937
0.033175
0.301941
0.426952
0.302681
0.034521
0.30359
0.428767
0.302716
0.041136
0.303192
0.43048
0.304582
0.038139
0.308543
0.433194
0.305524
0.038242
0.311179
0.434796
0.311753
0.008189
0.331404
0.439876
0.31429
0.026222
0.327786
0.443282
0.312687
0.028509
0.332386
0.446105
0.313888
0.030146
0.333822
0.44713
0.315649
0.026164
0.338919
0.449076
0.317194
0.021625
0.344328
0.45105
0.319289
0.026927
0.344758
0.452782
0.314299
0.039085
0.344822
0.454217
0.30872
0.041736
0.34829
0.45417
0.305452
0.048444
0.351131
0.456342
0.309625
0.047353
0.354537
0.458856
0.312203
0.047556
0.357076
0.460518
0.312481
0.045712
0.359837
0.461589
0.307151
0.035587
0.366288
0.460108
0.30469
0.02762
0.370941
0.460369
0.309098
0.034477
0.370122
0.461917
0.31517
0.036067
0.372979
0.465168
0.319288
0.037593
0.375188
0.467248
0.318156
0.024366
0.384972
0.468787
0.315569
0.001759
0.401128
0.471038
0.351494
0.051338
0.387755
0.482733
0.333465
0.07171
0.393114
0.484946
0.311415
0.089244
0.397905
0.48431
0.301787
0.090097
0.404024
0.484479
0.29896
0.080402
0.410571
0.4845
0.288249
0.061753
0.420786
0.481817
0.301689
0.070828
0.41864
0.485819
0.306854
0.078959
0.418271
0.48772
0.302016
0.058087
0.430038
0.487982
0.33008
0.098002
0.420463
0.495322
0.318003
0.090576
0.42993
0.495327
0.305542
0.066791
0.442844
0.494382
0.308393
0.059831
0.448163
0.495566
0.31474
0.05396
0.452515
0.497129
0.319201
0.049205
0.457497
0.498782
0.310056
0.033727
0.465752
0.497652
0.25726
0.057646
0.501924
0.495807
0.360446
0.014048
0.483601
0.511541
0.358993
0.013038
0.49059
0.513475
0.347647
0.01373
0.497041
0.513181
0.334807
0.023976
0.503362
0.51283
0.316843
0.046453
0.510146
0.511804
0.308733
0.056058
0.512635
0.510819
0.284124
0.102037
0.518347
0.508439
0.256001
0.159137
0.52397
0.505312
0.21583
0.130062
0.539308
0.500364
0.248459
0.145795
0.544327
0.506325
0.269571
0.150361
0.543183
0.508254
0.268362
0.13753
0.546421
0.506934
0.256653
0.113611
0.553344
0.505766
0.277479
0.10926
0.553585
0.505984
0.279425
0.097754
0.557265
0.506191
0.285048
0.089981
0.561386
0.506113
0.292686
0.108004
0.563483
0.506962
0.288956
0.103761
0.570079
0.507052
0.295083
0.087609
0.579113
0.509435
0.316072
0.129612
0.581256
0.511489
0.288918
0.123461
0.590058
0.508397
0.259709
0.089965
0.601338
0.508009
0.231319
0.056272
0.613286
0.506989
0.257627
0.044326
0.636251
0.518378
0.300216
0.065184
0.657725
0.530141
0.305367
0.074323
0.663679
0.531431
0.291268
0.060329
0.678066
0.535358
0.27669
0.081247
0.699444
0.533504
0.256394
0.079869
0.734314
0.537216
0.254167
0.101318
0.75253
0.538423
0.245447
0.114145
0.771788
0.539966
0.236937
0.138874
0.791748
0.538552
0.208113
0.192231
0.828213
0.530917
0.204951
0.180898
0.844551
0.53744
0.206844
0.172962
0.857782
0.545182
0.213389
0.192178
0.891223
0.558308
0.214666
0.208798
0.910385
0.564272
0.217299
0.206333
0.927176
0.575016
0.214657
0.242308
0.980584
0.596495
0.212392
0.266541
1.029289
0.622852
0.215851
0.267442
1.044885
0.634435
0.222888
0.260085
1.062008
0.649834
0.224985
0.29548
1.125253
0.68667
0.225965
0.310914
1.156353
0.706227
0.24795
0.335492
1.241139
0.784735
0.295093
0.323357
1.307749
0.882613
0.324464
0.328521
1.354143
0.944214
0.327919
0.325717
1.361669
0.957034
0.328034
0.325619
1.361572
0.957021
0.328209
0.325598
1.361506
0.956992
0.328177
0.325591
1.361445
0.956905
0.328134
0.3256
1.361412
0.956841
0.328037
0.325635
1.361354
0.956712
0.327998
0.325631
1.361307
0.956642
0.327994
0.325635
1.361267
0.956585
0.328009
0.325637
1.361254
0.956569
0.328009
0.325637
1.361254
0.956569
