0.005047
0.005791
0.035702
0.029525
0.032014
0.011956
0.062762
0.087694
0.017968
0.008129
0.051166
0.065932
0.042772
0.00879
0.069348
0.098441
0.048691
0.011714
0.065509
0.09956
0.06329
0.014739
0.080646
0.124505
0.067005
0.016571
0.07892
0.125798
0.085175
0.020136
0.087832
0.146812
0.079965
0.018934
0.090111
0.145469
0.102219
0.027583
0.088613
0.161101
0.099282
0.026023
0.096255
0.166114
0.112654
0.02967
0.094217
0.173017
0.110609
0.033184
0.103223
0.182969
0.119635
0.035407
0.104266
0.190119
0.13175
0.038602
0.101864
0.196122
0.150619
0.044017
0.104694
0.211855
0.13879
0.038898
0.116651
0.21424
0.15576
0.04266
0.117568
0.226105
0.171576
0.046725
0.121462
0.240189
0.158519
0.043821
0.127751
0.237735
0.163859
0.045565
0.130809
0.244281
0.171991
0.047849
0.13215
0.250895
0.164034
0.046761
0.13612
0.249867
0.177877
0.049448
0.136059
0.258276
0.192565
0.050755
0.136848
0.265398
0.215411
0.055915
0.13298
0.276939
0.198617
0.051657
0.146695
0.279358
0.198244
0.051533
0.151637
0.283644
0.20172
0.05205
0.152787
0.286164
0.203634
0.053645
0.155098
0.290279
0.207193
0.053057
0.157224
0.292397
0.217378
0.054256
0.157035
0.297717
0.221112
0.052048
0.162353
0.304097
0.21703
0.052224
0.166995
0.306386
0.251229
0.053826
0.166569
0.323154
0.227219
0.051653
0.175826
0.318464
0.223999
0.053246
0.179997
0.321119
0.244824
0.05332
0.182687
0.332915
0.263414
0.051323
0.187983
0.344621
0.257182
0.051056
0.193733
0.346283
0.266932
0.049128
0.200035
0.354655
0.272322
0.047574
0.205783
0.360753
0.260949
0.050392
0.208126
0.358619
0.267557
0.048371
0.212179
0.362728
0.282078
0.042882
0.220169
0.37297
0.273166
0.045763
0.222199
0.371946
0.271311
0.047397
0.225377
0.374148
0.275659
0.04648
0.230041
0.378879
0.27636
0.045463
0.23332
0.380441
0.279977
0.041479
0.238325
0.38294
0.284015
0.04154
0.240815
0.387493
0.287694
0.03977
0.246065
0.391973
0.292863
0.036697
0.251961
0.396834
0.293164
0.036709
0.255737
0.399413
0.291639
0.035785
0.258346
0.399367
0.295593
0.031977
0.262479
0.402381
0.297202
0.029942
0.267505
0.405198
0.297012
0.03391
0.268637
0.40722
0.295869
0.036189
0.269468
0.408171
0.295599
0.035768
0.272514
0.40952
0.295292
0.037614
0.274666
0.411157
0.288267
0.050001
0.27251
0.411039
0.277465
0.069701
0.272084
0.413702
0.27242
0.080189
0.274056
0.416559
0.276041
0.076172
0.278399
0.41912
0.276142
0.076853
0.279405
0.41981
0.278244
0.074255
0.28243
0.421334
0.284001
0.065309
0.28955
0.424527
0.285147
0.065883
0.291124
0.425798
0.285063
0.061524
0.295214
0.425996
0.288283
0.056978
0.299604
0.428436
0.292781
0.054646
0.303225
0.431354
0.297258
0.045696
0.310631
0.434247
0.295234
0.042355
0.314162
0.433321
0.301473
0.037291
0.318754
0.437153
0.30016
0.031331
0.324336
0.436565
0.296182
0.01451
0.336166
0.436005
0.314031
0.002954
0.341736
0.443944
0.324719
0.001715
0.348583
0.449526
0.323211
0.010227
0.356452
0.450029
0.310455
0.050168
0.379976
0.450178
0.331981
0.051755
0.377579
0.455547
0.342523
0.045953
0.3785
0.459039
0.354522
0.041015
0.381772
0.464409
0.359644
0.044739
0.390345
0.469107
0.366094
0.033023
0.392531
0.473309
0.357254
0.044991
0.402657
0.472906
0.362842
0.030588
0.405673
0.478576
0.36264
0.018847
0.410211
0.482097
0.351351
0.031439
0.419995
0.481184
0.329904
0.061909
0.43586
0.479656
0.345485
0.04533
0.435924
0.484314
0.362906
0.033909
0.44004
0.491052
0.362634
0.048304
0.45414
0.495789
0.410365
0.036572
0.442977
0.509679
0.380201
0.013153
0.462257
0.508815
0.361087
0.017236
0.468539
0.508264
0.352536
0.011522
0.479555
0.510288
0.348625
0.041632
0.480373
0.511302
0.327396
0.029512
0.491016
0.509868
0.313361
0.021634
0.503578
0.510505
0.326125
0.032383
0.506844
0.514044
0.332357
0.023952
0.516217
0.517298
0.325063
0.006121
0.524874
0.518021
0.346824
0.030348
0.527341
0.522487
0.336899
0.054588
0.532627
0.52189
0.312227
0.069136
0.540889
0.518908
0.23808
0.023111
0.577243
0.51721
0.328919
0.039366
0.578393
0.533521
0.345106
0.087231
0.58403
0.537488
0.333077
0.088538
0.58928
0.536877
0.306638
0.090956
0.596906
0.53243
0.303329
0.092838
0.602274
0.530246
0.294375
0.109451
0.605273
0.525691
0.269048
0.137967
0.61039
0.517968
0.246174
0.171321
0.61276
0.507515
0.240396
0.17441
0.611249
0.500684
0.254276
0.170075
0.601379
0.49532
0.262425
0.156203
0.592846
0.488907
0.2745
0.166355
0.582225
0.482262
0.265613
0.152857
0.580084
0.476906
0.260093
0.153255
0.579176
0.473125
0.257326
0.162917
0.580032
0.471601
0.248808
0.160746
0.584334
0.469607
0.250713
0.163023
0.586118
0.468615
0.249733
0.153019
0.590692
0.468889
0.224306
0.0652
0.63281
0.480169
0.242881
0.132094
0.667911
0.482935
0.236053
0.175435
0.683432
0.476236
0.208887
0.124051
0.700917
0.48232
0.217908
0.142232
0.717671
0.484915
0.218627
0.183639
0.740828
0.480546
0.21247
0.174249
0.749416
0.48344
0.207916
0.164728
0.75733
0.486574
0.207768
0.162352
0.761333
0.489038
0.206077
0.167222
0.782973
0.496454
0.204186
0.179738
0.821918
0.511139
0.200786
0.210262
0.860024
0.524695
0.196426
0.225035
0.919531
0.553197
0.193304
0.257741
0.978205
0.584682
0.207547
0.250589
1.01855
0.629488
0.217487
0.24053
1.039212
0.650182
0.236022
0.277205
1.111856
0.699306
0.268732
0.278157
1.166281
0.759066
0.287315
0.275565
1.210347
0.814146
0.288012
0.280947
1.229624
0.832898
0.289186
0.280464
1.229968
0.833853
0.289308
0.28055
1.229998
0.833834
0.289276
0.280491
1.22988
0.833739
0.289247
0.28052
1.229869
0.8337
0.289155
0.280566
1.229811
0.833577
0.289131
0.280545
1.229758
0.833528
0.28912
0.280557
1.229704
0.833453
0.28913
0.280538
1.229648
0.833404
0.28913
0.280538
1.229648
0.833404
0.28913
0.280538
1.229648
0.833404
