0.006535
0.00676
0.062203
0.048888
0.015708
0.002202
0.060188
0.073431
0.013292
0.00037
0.086341
0.09906
0.018621
0.001677
0.092784
0.1128
0.021872
0.002915
0.095332
0.119785
0.023261
0.003182
0.095946
0.122034
0.026135
0.004174
0.098962
0.128862
0.033796
0.006954
0.107593
0.147783
0.037065
0.008645
0.111204
0.156264
0.04214
0.010751
0.115625
0.167737
0.042824
0.010558
0.116538
0.169129
0.046247
0.012053
0.119635
0.177035
0.049048
0.012975
0.122693
0.183718
0.049227
0.012289
0.122732
0.183239
0.050461
0.011838
0.122855
0.184126
0.055112
0.014068
0.127475
0.195465
0.063367
0.017667
0.135128
0.214662
0.063533
0.017774
0.137987
0.217741
0.068164
0.019618
0.141869
0.227879
0.069225
0.019672
0.143744
0.230812
0.074932
0.022741
0.139251
0.234613
0.077349
0.02279
0.148897
0.246794
0.078711
0.022806
0.152527
0.251707
0.083354
0.023963
0.155855
0.260586
0.084559
0.024477
0.158319
0.264641
0.086577
0.024692
0.159789
0.268216
0.098098
0.029695
0.154835
0.278775
0.093511
0.026887
0.16787
0.284856
0.099885
0.027627
0.170827
0.294608
0.100945
0.028111
0.172857
0.298029
0.103853
0.02871
0.174895
0.303345
0.110161
0.029925
0.178613
0.314115
0.111347
0.030153
0.181973
0.318669
0.114576
0.030574
0.18479
0.324823
0.120007
0.031057
0.187363
0.332892
0.124514
0.031421
0.190511
0.340471
0.127198
0.033572
0.187809
0.341684
0.134069
0.033054
0.195557
0.355618
0.129494
0.033137
0.196438
0.352263
0.145535
0.033976
0.197167
0.368509
0.14525
0.032811
0.203173
0.372759
0.145593
0.033651
0.20289
0.373005
0.149033
0.032607
0.207974
0.380424
0.145739
0.033118
0.208049
0.377948
0.154089
0.033599
0.20735
0.385174
0.153294
0.032479
0.212138
0.387817
0.164408
0.03118
0.213801
0.398172
0.16528
0.030569
0.216759
0.401102
0.170975
0.029503
0.219007
0.407211
0.175305
0.028981
0.220789
0.412141
0.184984
0.027393
0.222577
0.420745
0.184928
0.02669
0.225714
0.422889
0.195905
0.024311
0.227389
0.431609
0.201732
0.022961
0.229476
0.437173
0.200925
0.022751
0.232289
0.438723
0.204457
0.022093
0.233709
0.442235
0.210043
0.020955
0.234515
0.446491
0.208081
0.021277
0.236064
0.446371
0.214768
0.019999
0.235965
0.450476
0.224477
0.017462
0.235845
0.455962
0.231257
0.015091
0.236988
0.460255
0.24174
0.011365
0.238016
0.466087
0.236452
0.012234
0.237597
0.461954
0.239139
0.015685
0.232642
0.45928
0.247578
0.01599
0.228323
0.459723
0.260666
0.021674
0.223172
0.464551
0.283283
0.00198
0.229149
0.476922
0.283131
0.006399
0.235833
0.478599
0.286448
0.01003
0.239522
0.480649
0.28613
0.01233
0.243537
0.481634
0.275468
0.010604
0.248013
0.478815
0.279654
0.010322
0.246351
0.478853
0.289705
0.01315
0.245104
0.482326
0.276894
0.008
0.249338
0.481096
0.290482
0.010226
0.245832
0.484234
0.292168
0.010565
0.245214
0.484567
0.302266
0.013799
0.244418
0.487353
0.303338
0.014976
0.245236
0.487812
0.30919
0.01734
0.245698
0.489481
0.296917
0.01214
0.249609
0.488715
0.300602
0.01064
0.245852
0.48768
0.304616
0.011749
0.246152
0.488955
0.315698
0.014717
0.243967
0.491527
0.327585
0.017833
0.24093
0.493725
0.349339
0.024766
0.236492
0.497609
0.360565
0.030238
0.236608
0.499014
0.364231
0.034801
0.23924
0.499266
0.364133
0.037394
0.241905
0.498491
0.363506
0.038018
0.243854
0.498521
0.371057
0.03904
0.240578
0.498482
0.385435
0.040097
0.233309
0.497757
0.381297
0.041113
0.236643
0.497926
0.404459
0.046048
0.231747
0.500358
0.40447
0.048859
0.235143
0.499559
0.410288
0.051437
0.234732
0.499442
0.419493
0.053058
0.231641
0.498849
0.433374
0.056096
0.227927
0.498504
0.425241
0.054643
0.231634
0.497732
0.42618
0.054874
0.22981
0.49397
0.424052
0.053537
0.230811
0.492461
0.425294
0.053027
0.231788
0.493537
0.434744
0.051321
0.225711
0.492258
0.439965
0.052712
0.225272
0.491179
0.440849
0.052577
0.226059
0.490805
0.45183
0.054899
0.225019
0.49199
0.452637
0.055484
0.227363
0.492284
0.475618
0.05706
0.220075
0.492166
0.477865
0.059937
0.222675
0.491143
0.485928
0.060411
0.218978
0.488615
0.493711
0.060419
0.215103
0.485168
0.504074
0.060997
0.210316
0.481352
0.499657
0.064114
0.216861
0.480675
0.518822
0.066945
0.215555
0.480882
0.527062
0.069689
0.216652
0.47923
0.526408
0.070735
0.219494
0.478463
0.5376
0.072745
0.219247
0.477135
0.53396
0.072479
0.222231
0.476506
0.54871
0.073022
0.220001
0.474534
0.567378
0.072777
0.216786
0.471985
0.578529
0.073294
0.215407
0.468738
0.582137
0.072631
0.214611
0.464008
0.588604
0.066154
0.215379
0.454892
0.632242
0.073505
0.208965
0.453854
0.659388
0.076688
0.208721
0.445675
0.645528
0.084306
0.214356
0.44107
0.639957
0.083453
0.208439
0.426609
0.644169
0.078517
0.199691
0.413512
0.628643
0.07299
0.194319
0.406449
0.645318
0.069758
0.193952
0.399382
0.645975
0.066544
0.19501
0.396823
0.655128
0.054324
0.19447
0.386565
0.670263
0.067659
0.197317
0.39052
0.676456
0.070679
0.201097
0.386534
0.692716
0.0446
0.20265
0.36321
0.712077
0.069948
0.20885
0.37299
0.721918
0.072274
0.211779
0.363591
0.727553
0.07202
0.213637
0.353615
0.729032
0.072893
0.214207
0.34644
0.7329
0.068355
0.211978
0.335551
0.751235
0.064535
0.215571
0.323522
0.773797
0.06064
0.222017
0.308093
0.771701
0.06652
0.227002
0.301595
0.768882
0.065103
0.225858
0.292512
0.771365
0.059388
0.218452
0.275321
0.75355
0.04957
0.203813
0.259252
0.760747
0.036864
0.191107
0.231716
0.756212
0.039203
0.195227
0.227441
0.747037
0.040567
0.200419
0.231532
0.767186
0.032573
0.206417
0.225397
0.759254
0.033444
0.210875
0.229549
0.769972
0.027467
0.217316
0.223512
0.769151
0.025054
0.218897
0.225623
0.780903
0.020105
0.224846
0.218726
0.778626
0.022165
0.228326
0.217381
0.781994
0.018534
0.230476
0.210978
0.795949
0.004141
0.235107
0.19991
0.811843
0.008008
0.242982
0.187099
0.806483
0.018097
0.250451
0.184842
0.821351
0.013066
0.256891
0.165878
0.820412
0.016749
0.261156
0.159071
0.815772
0.010648
0.257133
0.149944
0.824796
0.000865
0.253202
0.127823
0.820994
0.001497
0.255542
0.122433
0.828013
0.009526
0.253799
0.108033
0.828719
0.010932
0.255386
0.102268
0.825331
0.016894
0.255274
0.099921
0.823106
0.035369
0.248242
0.107806
0.828253
0.062496
0.241169
0.116905
0.83032
0.088636
0.226123
0.120915
0.823303
0.127935
0.221158
0.156509
0.821018
0.208961
0.203979
0.193928
0.813174
0.277049
0.192259
0.240744
0.788685
0.359418
0.182384
0.294245
0.782816
0.388841
0.197098
0.332844
0.775021
0.395848
0.209523
0.354096
0.766121
0.414285
0.223704
0.383616
0.766198
0.438675
0.229756
0.406622
0.758663
0.453386
0.246662
0.435342
0.725897
0.499749
0.312675
0.51669
0.721522
0.543806
0.310012
0.531256
0.716361
0.550136
0.321011
0.540501
0.713167
0.55233
0.329467
0.545683
0.708424
0.559811
0.349325
0.562196
0.714301
0.586097
0.342507
0.567848
0.723579
0.616474
0.32625
0.569661
0.721945
0.613377
0.330015
0.569408
0.72041
0.615139
0.339516
0.574603
0.718841
0.617292
0.349442
0.580544
0.716169
0.621378
0.370348
0.593584
0.711391
0.628244
0.399122
0.610495
0.704575
0.63735
0.43249
0.627902
0.702269
0.640674
0.444793
0.634029
0.698623
0.64598
0.466096
0.644356
0.69673
0.649231
0.480477
0.651099
0.694371
0.651749
0.506109
0.659573
0.694308
0.65201
0.507464
0.66046
0.693858
0.652298
0.507578
0.660179
0.693915
0.652297
0.507793
0.660351
0.693986
0.652277
0.507999
0.660503
0.693919
0.652311
0.50821
0.660495
0.693884
0.652297
0.508386
0.660474
0.693991
0.652199
0.508485
0.660553
0.694074
0.65212
0.508471
0.660576
0.694026
0.652134
0.508301
0.660445
0.693991
0.652149
0.508163
0.660364
0.693991
0.652149
0.508163
0.660364
