0.008769
0.00682
0.062385
0.046775
0.009999
0.003196
0.082548
0.089201
0.035658
0.008129
0.112821
0.155998
0.037545
0.009836
0.112019
0.15873
0.049396
0.014954
0.125206
0.188526
0.05165
0.014966
0.127026
0.192539
0.065586
0.019592
0.139415
0.22297
0.071487
0.022219
0.148143
0.239893
0.085693
0.027602
0.163293
0.273725
0.096955
0.029773
0.170826
0.294061
0.103428
0.031177
0.17677
0.307374
0.113271
0.032631
0.185019
0.326056
0.121205
0.03303
0.191503
0.340159
0.134616
0.033356
0.198078
0.3593
0.148984
0.032903
0.204419
0.378199
0.159003
0.031568
0.211032
0.392243
0.175815
0.030119
0.216328
0.4109
0.181963
0.027094
0.224327
0.420965
0.188985
0.024748
0.229465
0.429552
0.196464
0.023775
0.231654
0.436996
0.210849
0.021079
0.233455
0.448314
0.224383
0.017576
0.236009
0.458647
0.238759
0.01301
0.238787
0.468638
0.243668
0.009976
0.242402
0.472796
0.257644
0.004932
0.243585
0.480151
0.273548
0.001286
0.244117
0.487146
0.282259
0.006224
0.246118
0.490753
0.29779
0.000763
0.23454
0.486709
0.314408
0.017774
0.242516
0.500483
0.318952
0.023646
0.247626
0.502199
0.328016
0.029373
0.24937
0.504285
0.335934
0.034489
0.250708
0.505698
0.356731
0.043336
0.24962
0.509998
0.375817
0.052413
0.248777
0.513001
0.392013
0.061089
0.248481
0.514559
0.413314
0.071359
0.24721
0.51602
0.434439
0.080045
0.242986
0.514997
0.451496
0.087067
0.238654
0.512654
0.467917
0.095333
0.236246
0.510369
0.49981
0.102878
0.225081
0.507023
0.51499
0.110845
0.225272
0.503223
0.541143
0.115239
0.213781
0.495879
0.560579
0.123739
0.213519
0.491256
0.581503
0.131046
0.212416
0.485206
0.587852
0.136335
0.214607
0.478146
0.617408
0.143871
0.211277
0.471195
0.637926
0.148803
0.210786
0.462527
0.669717
0.150974
0.207235
0.451175
0.708033
0.154189
0.203678
0.435296
0.736196
0.156573
0.203929
0.416359
0.728514
0.16473
0.207356
0.40611
0.733301
0.165677
0.206633
0.388734
0.763403
0.15942
0.205788
0.365959
0.783263
0.159543
0.209778
0.348441
0.799819
0.160045
0.214748
0.329796
0.818444
0.158711
0.219465
0.307388
0.828993
0.161844
0.228013
0.284697
0.855465
0.15572
0.235925
0.253162
0.859103
0.153903
0.23674
0.23027
0.865658
0.145937
0.231887
0.190311
0.863251
0.135991
0.224905
0.158873
0.86266
0.122754
0.210828
0.116886
0.875415
0.114143
0.214749
0.048825
0.879678
0.124234
0.232328
0.014272
0.889111
0.139368
0.256737
0.016277
0.871579
0.218061
0.286164
0.032421
0.847987
0.269054
0.285764
0.025203
0.813825
0.345587
0.276475
0.004092
0.764047
0.479219
0.257968
0.049609
0.76228
0.495581
0.262697
0.068146
0.767621
0.500711
0.280522
0.097097
0.773749
0.511263
0.305379
0.139353
0.773534
0.511652
0.309817
0.149669
0.770852
0.505322
0.316937
0.168858
0.767679
0.494843
0.325552
0.191209
0.765019
0.488019
0.337108
0.217916
0.76435
0.485366
0.3519
0.246465
0.76501
0.484761
0.356112
0.253124
0.765057
0.48542
0.356267
0.253387
0.765219
0.4857
0.3563
0.253207
0.765312
0.485823
0.356278
0.253016
0.76547
0.486303
0.35606
0.252398
0.765506
0.486645
0.355588
0.251503
0.765494
0.486586
0.354935
0.250319
0.765439
0.486476
0.35417
0.248998
0.765363
0.486555
0.353418
0.247731
0.765378
0.486588
0.352832
0.246644
0.765479
0.486987
0.352606
0.246087
0.76565
0.487168
0.352567
0.245745
0.765754
0.487546
0.352669
0.245794
0.765769
0.487456
0.352858
0.246113
0.765736
0.487534
0.352959
0.246355
0.765624
0.487034
0.353384
0.247282
0.765458
0.486662
0.353853
0.248376
0.765332
0.486056
0.354399
0.249552
0.765332
0.486056
0.354399
0.249552
