0.008769
0.00682
0.062385
0.046775
0.004358
0.005816
0.065496
0.055292
0.001314
0.00512
0.065442
0.058963
0.000672
0.004486
0.071771
0.067894
0.003128
0.003812
0.074499
0.073731
0.003107
0.003835
0.074522
0.07371
0.005401
0.00306
0.077051
0.079285
0.005383
0.003093
0.077031
0.079215
0.005384
0.003124
0.077035
0.079188
0.00657
0.000264
0.076863
0.082993
0.012887
0.000097
0.080608
0.093117
0.016484
0.001231
0.089095
0.106555
0.01695
0.000421
0.088946
0.106067
0.016945
0.000414
0.08893
0.10604
0.017829
0.001497
0.088606
0.107613
0.020026
0.000856
0.091183
0.111784
0.020721
0.001258
0.093718
0.115389
0.021043
0.001854
0.094085
0.116676
0.023421
0.003351
0.096391
0.122805
0.023302
0.00233
0.095302
0.120586
0.025596
0.003341
0.095151
0.12368
0.025966
0.003813
0.098735
0.128109
0.027605
0.004143
0.100296
0.131614
0.027321
0.004178
0.099799
0.130868
0.02894
0.004461
0.10137
0.134315
0.030068
0.005018
0.102538
0.137141
0.030092
0.004346
0.10194
0.135904
0.030112
0.004329
0.101881
0.135846
0.030861
0.006216
0.100998
0.137487
0.032937
0.005149
0.105738
0.143287
0.037732
0.006905
0.108057
0.152093
0.034802
0.006667
0.107768
0.148644
0.034912
0.006391
0.107242
0.147958
0.03714
0.007478
0.105749
0.149695
0.041828
0.008303
0.110344
0.159788
0.038648
0.007827
0.111587
0.157379
0.040093
0.008101
0.112221
0.159704
0.040845
0.008569
0.113228
0.161902
0.040488
0.008355
0.112976
0.161082
0.040677
0.007561
0.112107
0.159622
0.042044
0.008395
0.113643
0.163321
0.044486
0.009851
0.116589
0.17009
0.046721
0.010959
0.119174
0.175948
0.04744
0.011074
0.12016
0.177743
0.047987
0.01104
0.120667
0.178734
0.047914
0.009764
0.118976
0.175721
0.047885
0.009636
0.11894
0.175531
0.050509
0.011208
0.121692
0.182394
0.052082
0.012326
0.124834
0.188149
0.051793
0.011213
0.123192
0.185139
0.051649
0.010815
0.122566
0.183975
0.052068
0.013477
0.121828
0.186115
0.05826
0.015104
0.130793
0.202831
0.057379
0.013655
0.129588
0.199348
0.057057
0.012338
0.127527
0.195668
0.058301
0.01303
0.128788
0.19882
0.061719
0.014902
0.132395
0.207578
0.06212
0.015194
0.133918
0.20976
0.062886
0.015425
0.134712
0.211514
0.062295
0.014497
0.133417
0.208738
0.062194
0.014311
0.132884
0.207918
0.062203
0.013912
0.132493
0.207145
0.06458
0.015179
0.134739
0.212935
0.066391
0.016148
0.137362
0.218245
0.067938
0.017033
0.139728
0.222952
0.06714
0.016249
0.138792
0.22048
0.070791
0.017684
0.140883
0.227496
0.069476
0.016913
0.141219
0.22579
0.073058
0.018272
0.143349
0.232695
0.074644
0.018978
0.145618
0.237163
0.07619
0.019715
0.147506
0.241237
0.076681
0.019838
0.148312
0.242624
0.083226
0.022302
0.152676
0.255661
0.08341
0.022592
0.155253
0.258632
0.081122
0.021358
0.153916
0.253886
0.080895
0.020074
0.149351
0.24785
0.08344
0.020053
0.151244
0.252161
0.082521
0.01985
0.15199
0.251805
0.086915
0.021623
0.154951
0.260679
0.089515
0.022541
0.157902
0.266982
0.087449
0.022025
0.158515
0.26507
0.087199
0.022021
0.157611
0.263926
0.089911
0.022706
0.157935
0.267529
0.090178
0.022947
0.159042
0.269085
0.090828
0.023045
0.16001
0.270752
0.094089
0.023931
0.162003
0.2767
0.091964
0.02336
0.162844
0.274905
0.093171
0.023647
0.162639
0.276132
0.094025
0.023892
0.163113
0.277648
0.092933
0.023498
0.16289
0.275986
0.097954
0.024658
0.16451
0.283503
0.095892
0.024238
0.16572
0.282286
0.095295
0.024082
0.16377
0.279625
0.096378
0.024029
0.164227
0.281048
0.098582
0.02452
0.165603
0.284983
0.097554
0.024305
0.166289
0.284454
0.101057
0.025213
0.167595
0.289952
0.101256
0.025296
0.168885
0.291477
0.099773
0.025096
0.169201
0.290159
0.099627
0.025125
0.16737
0.288232
0.10088
0.02514
0.167773
0.289836
0.101724
0.025281
0.168683
0.291666
0.102201
0.025415
0.169774
0.293304
0.10562
0.02604
0.171433
0.298791
0.10395
0.025753
0.172584
0.298031
0.107463
0.026508
0.173673
0.303154
0.108824
0.026808
0.175297
0.306309
0.108749
0.026949
0.176377
0.307408
0.11064
0.027373
0.177292
0.3105
0.110802
0.027557
0.178122
0.311618
0.109
0.027529
0.178016
0.309752
0.108262
0.02775
0.175725
0.306993
0.110987
0.027919
0.176049
0.310052
0.114221
0.028174
0.177884
0.315138
0.111844
0.027745
0.179683
0.314198
0.116966
0.028397
0.180692
0.32064
0.114708
0.028064
0.182338
0.319766
0.118674
0.028582
0.18283
0.324489
0.116121
0.028398
0.18432
0.323306
0.115636
0.028471
0.184145
0.322735
0.117067
0.028838
0.183755
0.324055
0.118064
0.02909
0.183944
0.325408
0.116789
0.029105
0.183976
0.324232
0.116238
0.029416
0.182292
0.322343
0.123963
0.029853
0.183901
0.331565
0.120641
0.02918
0.186888
0.330669
0.123912
0.029654
0.187763
0.335005
0.127072
0.02982
0.189049
0.339376
0.126387
0.029909
0.190562
0.340241
0.126705
0.030127
0.191169
0.341326
0.127202
0.030414
0.191552
0.34242
0.125459
0.030757
0.191673
0.341214
0.12922
0.03113
0.191881
0.345253
0.130192
0.031814
0.191131
0.345846
0.131499
0.031493
0.192024
0.347842
0.133569
0.031674
0.195068
0.352812
0.130686
0.03146
0.196695
0.351475
0.131736
0.031843
0.19633
0.352449
0.133959
0.032113
0.196518
0.354927
0.134966
0.032808
0.195665
0.355441
0.134729
0.032486
0.197371
0.356748
0.136561
0.032446
0.198171
0.359188
0.139407
0.032518
0.19918
0.362818
0.140295
0.032419
0.20066
0.364937
0.136787
0.032575
0.202262
0.363348
0.139279
0.032988
0.201843
0.3656
0.13783
0.033402
0.201944
0.364738
0.140061
0.033668
0.201876
0.366932
0.141971
0.03363
0.202472
0.369204
0.144217
0.034912
0.200601
0.370069
0.155127
0.037808
0.195326
0.376155
0.157016
0.032981
0.203051
0.382946
0.153243
0.033044
0.20603
0.382232
0.152806
0.03361
0.20601
0.382005
0.151976
0.033267
0.207866
0.382951
0.151231
0.033312
0.209036
0.383385
0.151234
0.033443
0.209702
0.384118
0.151572
0.033718
0.209995
0.384934
0.153262
0.033716
0.210497
0.386914
0.154532
0.033691
0.211321
0.388782
0.155702
0.033651
0.212202
0.3906
0.156889
0.033652
0.213008
0.392398
0.153198
0.034555
0.214305
0.391095
0.15377
0.035274
0.214023
0.391974
0.1548
0.035547
0.213749
0.392875
0.158314
0.035242
0.213947
0.395904
0.158236
0.035145
0.214889
0.396616
0.15845
0.035219
0.215419
0.397343
0.160281
0.035128
0.215767
0.399197
0.156733
0.036027
0.217084
0.398055
0.15905
0.037275
0.215249
0.398955
0.159987
0.036571
0.216596
0.400926
0.157801
0.03663
0.217852
0.400204
0.161649
0.036407
0.217624
0.403158
0.163639
0.036165
0.217976
0.405022
0.163751
0.036148
0.218693
0.405753
0.165566
0.035947
0.219103
0.407533
0.165691
0.035967
0.219748
0.408244
0.165978
0.036034
0.220223
0.408977
0.169357
0.035549
0.220482
0.411721
0.170686
0.035277
0.221269
0.413344
0.166389
0.036128
0.223373
0.412238
0.168334
0.036542
0.223223
0.414143
0.16647
0.037686
0.223395
0.413681
0.17036
0.03902
0.220865
0.415103
0.174956
0.037161
0.222356
0.419529
0.170151
0.037036
0.225994
0.418587
0.177015
0.035976
0.22542
0.422994
0.17856
0.035642
0.226005
0.424545
0.178308
0.035708
0.226857
0.425146
0.178332
0.035857
0.22741
0.425778
0.178438
0.036069
0.227853
0.426435
0.180279
0.035902
0.228039
0.428005
0.180122
0.036094
0.228686
0.428609
0.185123
0.03514
0.22853
0.431844
0.179681
0.03621
0.231472
0.43076
0.183457
0.036059
0.230884
0.433266
0.183736
0.036235
0.231144
0.433879
0.185887
0.035968
0.231078
0.435373
0.189335
0.03523
0.231096
0.437616
0.188689
0.035293
0.232161
0.438068
0.193604
0.034203
0.231959
0.440986
0.195888
0.033358
0.23287
0.442928
0.201823
0.031665
0.232881
0.446318
0.198779
0.032148
0.233854
0.445023
0.198912
0.032175
0.234093
0.44513
0.192302
0.034407
0.23737
0.444417
0.192514
0.035406
0.237371
0.445456
0.202517
0.033495
0.235062
0.449898
0.198219
0.034476
0.237747
0.449659
0.201657
0.033939
0.237362
0.451541
0.205164
0.033067
0.237309
0.453582
0.203947
0.033174
0.238587
0.453803
0.205577
0.032902
0.238735
0.454924
0.203951
0.033433
0.239628
0.454858
0.207704
0.032791
0.239114
0.456792
0.203459
0.034296
0.241359
0.45663
0.203516
0.034808
0.241587
0.457271
0.20601
0.034579
0.241095
0.458599
0.205429
0.034828
0.24145
0.45868
0.206993
0.038148
0.239214
0.458451
0.210652
0.03371
0.240931
0.461408
0.212096
0.033165
0.24138
0.462449
0.20658
0.035064
0.244244
0.462059
0.208787
0.035061
0.243849
0.463435
0.20558
0.037327
0.244998
0.463796
0.208371
0.037225
0.244283
0.465272
0.21303
0.036171
0.243356
0.467238
0.213
0.035918
0.244209
0.467779
0.207999
0.03783
0.246892
0.467648
0.21455
0.036658
0.245302
0.470383
0.211083
0.038125
0.247162
0.470546
0.211709
0.038329
0.24719
0.471186
0.209172
0.040292
0.24825
0.471764
0.206306
0.043955
0.249449
0.473773
0.213653
0.042912
0.247356
0.476754
0.212758
0.042717
0.248431
0.47701
0.213393
0.042463
0.248779
0.477471
0.212504
0.042628
0.249464
0.477531
0.213471
0.042428
0.249539
0.478128
0.214621
0.042084
0.249559
0.478742
0.212243
0.042935
0.251046
0.478871
0.213527
0.042842
0.250844
0.479594
0.214907
0.042574
0.250621
0.480243
0.216033
0.042264
0.250621
0.480849
0.218954
0.041425
0.250193
0.481987
0.218251
0.041469
0.250796
0.482066
0.218753
0.041161
0.251194
0.482468
0.221464
0.040379
0.250816
0.483498
0.217864
0.041265
0.252978
0.483291
0.220655
0.040774
0.252352
0.484399
0.22018
0.040905
0.252731
0.484562
0.22089
0.040833
0.252732
0.484951
0.223539
0.040134
0.252384
0.486052
0.219996
0.041338
0.254247
0.485877
0.216297
0.044309
0.255993
0.48706
0.219775
0.044179
0.25477
0.488479
0.221387
0.043899
0.254317
0.489114
0.224518
0.042995
0.253757
0.490214
0.2214
0.043459
0.255901
0.490052
0.222475
0.04334
0.255756
0.490583
0.22773
0.042058
0.254343
0.492192
0.225192
0.042391
0.256137
0.492198
0.227767
0.041802
0.255585
0.49297
0.227239
0.041876
0.256065
0.49316
0.223772
0.043458
0.257617
0.493008
0.228971
0.042467
0.256192
0.494826
0.231871
0.041537
0.255635
0.495738
0.22736
0.042246
0.258522
0.495314
0.228338
0.04225
0.25836
0.495852
0.226604
0.043739
0.258918
0.496255
0.227957
0.043736
0.258534
0.496893
0.229426
0.043497
0.25813
0.49744
0.232563
0.042632
0.257496
0.498465
0.233351
0.042095
0.257831
0.498921
0.235996
0.041179
0.257519
0.499732
0.231894
0.042049
0.260027
0.499485
0.232743
0.042052
0.259923
0.499948
0.239799
0.040261
0.258056
0.501988
0.242096
0.039178
0.257994
0.502702
0.241858
0.038528
0.259004
0.502872
0.243706
0.03777
0.259059
0.503424
0.243741
0.037327
0.259635
0.503562
0.247777
0.036118
0.258898
0.504624
0.249794
0.035104
0.258852
0.505182
0.249381
0.034627
0.259768
0.505258
0.249266
0.034454
0.26037
0.505377
0.254944
0.032728
0.259326
0.506908
0.254279
0.032742
0.259901
0.507104
0.259293
0.031062
0.258981
0.508139
0.253229
0.032214
0.262286
0.507527
0.244078
0.036399
0.265859
0.50678
0.236507
0.04579
0.267854
0.510632
0.235328
0.05389
0.26628
0.515404
0.244684
0.05241
0.26309
0.518211
0.244422
0.05211
0.263552
0.518246
0.249389
0.050215
0.262867
0.519305
0.247744
0.048692
0.26534
0.51931
0.248329
0.047692
0.26617
0.519448
0.245715
0.04772
0.268362
0.519432
0.247234
0.047441
0.268022
0.519935
0.248916
0.047153
0.267426
0.520341
0.250201
0.046551
0.26745
0.520753
0.248033
0.046901
0.269013
0.520812
0.249401
0.046686
0.268659
0.5212
0.249136
0.046785
0.268922
0.521382
0.257277
0.045069
0.266063
0.523214
0.257417
0.043969
0.267224
0.523392
0.252627
0.044391
0.270323
0.522639
0.258545
0.043418
0.267978
0.523996
0.265635
0.041279
0.266083
0.525343
0.260279
0.040866
0.270457
0.524966
0.254043
0.043777
0.273737
0.525479
0.255876
0.044366
0.272326
0.526
0.264787
0.043081
0.26841
0.527731
0.260581
0.043597
0.27133
0.527514
0.261455
0.043461
0.271257
0.527883
0.262528
0.043169
0.271106
0.528141
0.266002
0.042406
0.269838
0.52873
0.271121
0.041106
0.267986
0.529409
0.266201
0.041074
0.271297
0.528782
0.259951
0.043694
0.274599
0.528974
0.264177
0.043919
0.272134
0.529949
0.262703
0.045075
0.272861
0.530413
0.273554
0.043229
0.268576
0.532622
0.273457
0.042068
0.269922
0.53271
0.268225
0.042423
0.273394
0.531992
0.268397
0.043043
0.273077
0.531309
0.271231
0.042617
0.271938
0.532153
0.279331
0.044282
0.265955
0.530456
0.283582
0.042003
0.265372
0.534326
0.283431
0.040787
0.266136
0.534399
0.285201
0.040786
0.265398
0.53353
0.282905
0.038058
0.269074
0.534425
0.286821
0.038071
0.268023
0.533641
0.290604
0.035694
0.266494
0.535174
0.288666
0.035163
0.268272
0.534878
0.281688
0.034589
0.273135
0.533037
0.282275
0.034468
0.273025
0.53333
0.288858
0.035441
0.269919
0.532393
0.292837
0.033047
0.268272
0.534804
0.28836
0.034001
0.270747
0.534535
0.285097
0.03487
0.27243
0.534237
0.284857
0.03675
0.272542
0.53357
0.287756
0.046212
0.268314
0.527894
0.303749
0.031507
0.265157
0.537281
0.301713
0.03137
0.266613
0.53705
0.29802
0.031376
0.269002
0.536367
0.293749
0.031711
0.271608
0.535678
0.297345
0.033595
0.26904
0.532225
0.302089
0.030113
0.268871
0.537235
0.298275
0.03089
0.27087
0.536816
0.297144
0.030922
0.271377
0.536264
0.297269
0.032004
0.270542
0.535395
0.297103
0.031538
0.270947
0.535987
0.302563
0.033134
0.267888
0.533666
0.306301
0.030285
0.267785
0.537196
0.306749
0.029915
0.267494
0.537781
0.305432
0.02927
0.26892
0.537346
0.304432
0.029445
0.269489
0.537358
0.303302
0.029577
0.270057
0.536885
0.3032
0.030585
0.269522
0.535935
0.306662
0.032591
0.266691
0.532778
0.310321
0.02992
0.266366
0.536233
0.308985
0.028881
0.267388
0.536932
0.308282
0.02954
0.267741
0.535907
0.310519
0.031219
0.266121
0.533717
0.319082
0.027104
0.264909
0.537749
0.319705
0.025615
0.265047
0.53818
0.321324
0.026137
0.263995
0.536728
0.321725
0.022693
0.266374
0.538475
0.324071
0.024531
0.264868
0.535351
0.325612
0.021688
0.266376
0.538134
0.328722
0.021526
0.26384
0.538079
0.328591
0.022043
0.26302
0.538384
0.326672
0.020022
0.26652
0.537764
0.326252
0.020779
0.266453
0.536712
0.336073
0.023101
0.260743
0.531671
0.34097
0.013302
0.264034
0.538433
0.332761
0.013559
0.267737
0.535937
0.331267
0.014245
0.269474
0.536779
0.32474
0.01641
0.273302
0.537384
0.332088
0.016933
0.269471
0.538407
0.329643
0.017984
0.270782
0.538666
0.327187
0.019168
0.271805
0.538705
0.326472
0.020425
0.272021
0.538183
0.328453
0.02081
0.270363
0.537945
0.335072
0.022483
0.265653
0.535977
0.334492
0.020487
0.267012
0.539096
0.32402
0.023529
0.273011
0.539716
0.319007
0.025856
0.275578
0.540221
0.319898
0.027453
0.275452
0.539672
0.328825
0.027057
0.270666
0.542697
0.32819
0.027396
0.271147
0.543035
0.327831
0.027609
0.27255
0.544069
0.325877
0.028569
0.274167
0.545033
0.326463
0.031962
0.273239
0.542277
0.346258
0.026318
0.267064
0.548386
0.343576
0.025711
0.26888
0.549003
0.340542
0.025622
0.271197
0.547868
0.339873
0.026517
0.271309
0.546649
0.343185
0.027169
0.269486
0.544397
0.34517
0.025425
0.269506
0.546637
0.348796
0.025519
0.2664
0.546633
0.343587
0.024396
0.270703
0.547034
0.329613
0.026788
0.280066
0.547539
0.331782
0.028926
0.279069
0.545919
0.334893
0.02804
0.278375
0.547151
0.337889
0.026294
0.277573
0.549322
0.337574
0.026447
0.277852
0.549599
0.33671
0.027261
0.278337
0.550028
0.338299
0.028328
0.27745
0.551089
0.342202
0.029256
0.274958
0.551603
0.336877
0.0315
0.278216
0.552609
0.340572
0.033931
0.276276
0.550018
0.342559
0.031719
0.277
0.552387
0.348454
0.031804
0.27295
0.553922
0.350558
0.032687
0.271203
0.553603
0.357822
0.032172
0.268143
0.554325
0.353374
0.028937
0.272819
0.554507
0.34957
0.028481
0.275553
0.553983
0.349499
0.029616
0.275525
0.551605
0.350099
0.028645
0.276221
0.552906
0.348278
0.028539
0.277669
0.55425
0.34796
0.02951
0.277814
0.553276
0.354166
0.02873
0.275061
0.554873
0.357081
0.028211
0.274139
0.554957
0.357047
0.029042
0.274129
0.553842
0.358966
0.027344
0.274545
0.555058
0.359006
0.028155
0.274401
0.554108
0.359084
0.027579
0.27473
0.554804
0.360715
0.028137
0.27419
0.553083
0.361413
0.026983
0.274789
0.55447
0.362476
0.026267
0.274083
0.555049
0.364794
0.027942
0.271903
0.553426
0.368654
0.028722
0.269474
0.552542
0.371499
0.027608
0.268051
0.554621
0.373141
0.027325
0.26803
0.553011
0.373138
0.025614
0.269256
0.554083
0.373596
0.024623
0.269211
0.554468
0.36439
0.024135
0.275302
0.553766
0.349131
0.02703
0.284443
0.554147
0.348677
0.028407
0.284769
0.553651
0.351139
0.028944
0.283338
0.55362
0.355563
0.028985
0.281231
0.554758
0.357384
0.029138
0.280002
0.555937
0.356959
0.029637
0.280107
0.55633
0.356069
0.030367
0.280798
0.557045
0.3542
0.030294
0.281875
0.558396
0.352744
0.031421
0.281815
0.557477
0.353557
0.033292
0.280923
0.556757
0.35733
0.033424
0.279109
0.558284
0.358135
0.034392
0.278574
0.55767
0.361087
0.033958
0.277518
0.55889
0.371574
0.036923
0.273511
0.55368
0.378992
0.032312
0.272089
0.559395
0.382036
0.031482
0.270427
0.561135
0.379356
0.030056
0.272985
0.560982
0.380729
0.030629
0.273251
0.55806
0.381407
0.027486
0.274669
0.560496
0.369499
0.027046
0.282685
0.559569
0.371164
0.028873
0.282157
0.55696
0.376436
0.025641
0.282027
0.560913
0.376533
0.026735
0.281866
0.559944
0.387865
0.031262
0.276122
0.551739
0.39466
0.026201
0.276168
0.558203
0.403008
0.024424
0.271104
0.562502
0.400131
0.023396
0.273404
0.562222
0.401039
0.024355
0.273584
0.558588
0.401694
0.021971
0.274783
0.560245
0.395495
0.020289
0.278605
0.560436
0.391334
0.020559
0.279444
0.558363
0.386035
0.023106
0.27994
0.557478
0.381964
0.025663
0.280212
0.556731
0.367713
0.036036
0.283286
0.558553
0.367566
0.037705
0.28379
0.558612
0.36899
0.037701
0.283043
0.559655
0.369722
0.038611
0.282559
0.560844
0.368176
0.043604
0.284192
0.564889
0.369399
0.044799
0.28433
0.565354
0.373158
0.044682
0.283212
0.566553
0.372791
0.044376
0.284431
0.568069
0.371566
0.044622
0.285633
0.568646
0.369915
0.045231
0.287146
0.569348
0.368452
0.045868
0.288564
0.570225
0.369046
0.04689
0.288798
0.570021
0.3707
0.047633
0.288032
0.569512
0.379053
0.047471
0.285438
0.570199
0.391961
0.048352
0.27956
0.571442
0.394543
0.046649
0.27896
0.573368
0.389383
0.041256
0.285589
0.573326
0.386028
0.04025
0.288092
0.572565
0.382994
0.040126
0.290091
0.572169
0.383919
0.042073
0.289512
0.569805
0.390898
0.039828
0.287584
0.573318
0.389885
0.04005
0.288182
0.573408
0.390244
0.040411
0.288203
0.572644
0.416907
0.051106
0.276442
0.557038
0.440326
0.033742
0.273341
0.575459
0.434905
0.030461
0.277564
0.573685
0.433386
0.029705
0.279636
0.570156
0.435058
0.024557
0.282547
0.571526
0.428043
0.023292
0.286681
0.571144
0.423504
0.023793
0.285535
0.567
0.423952
0.025935
0.283433
0.563326
0.426315
0.02612
0.2807
0.56217
0.426707
0.026255
0.277539
0.562072
0.424086
0.027298
0.275849
0.559161
0.421655
0.028044
0.274479
0.556393
0.420449
0.028832
0.27333
0.554615
0.410897
0.03181
0.277765
0.554964
0.412531
0.032747
0.278191
0.556767
0.414452
0.033791
0.27814
0.557981
0.409952
0.036254
0.282521
0.561256
0.411877
0.0375
0.282968
0.563251
0.419991
0.038003
0.280664
0.56438
0.421069
0.037643
0.281372
0.564741
0.416949
0.038346
0.284718
0.566168
0.408795
0.040987
0.29047
0.5686
0.400821
0.048206
0.294922
0.573217
0.407253
0.050452
0.29229
0.575366
0.404711
0.051786
0.294303
0.576519
0.413834
0.052252
0.29163
0.577975
0.415477
0.051549
0.291769
0.577958
0.420091
0.050889
0.290933
0.578117
0.414337
0.049458
0.295393
0.57789
0.437546
0.048486
0.289371
0.579545
0.430321
0.04478
0.294624
0.577724
0.41939
0.044042
0.299556
0.575571
0.422444
0.045813
0.29702
0.57597
0.425204
0.047476
0.294602
0.575832
0.422202
0.049814
0.295197
0.576103
0.427757
0.053495
0.292918
0.572632
0.445386
0.049623
0.288816
0.577384
0.437054
0.044892
0.295064
0.575619
0.433253
0.044748
0.296652
0.574673
0.435014
0.045095
0.295633
0.574525
0.446431
0.05171
0.290348
0.567917
0.456374
0.044041
0.289317
0.573827
0.458533
0.0459
0.289207
0.569856
0.462852
0.042154
0.290315
0.571853
0.467743
0.049137
0.287576
0.565107
0.480284
0.04485
0.285529
0.567677
0.488696
0.04327
0.281844
0.570802
0.536269
0.039606
0.272515
0.568781
0.542627
0.028158
0.278598
0.564499
0.536443
0.023611
0.282532
0.562922
0.507517
0.011667
0.295281
0.552515
0.50061
0.010604
0.296912
0.550152
0.486278
0.011855
0.297756
0.545449
0.494764
0.02329
0.280416
0.541311
0.494566
0.027059
0.277815
0.538383
0.497661
0.029694
0.275072
0.535393
0.506816
0.032963
0.270863
0.53193
0.509431
0.033683
0.269065
0.531443
0.5194
0.033595
0.264222
0.532474
0.528351
0.036964
0.260678
0.52902
0.536689
0.037657
0.258115
0.527729
0.550912
0.030852
0.258697
0.526273
0.559804
0.030331
0.262346
0.519249
0.562424
0.024752
0.263312
0.522128
0.55961
0.020156
0.266234
0.522771
0.55244
0.012623
0.2714
0.519405
0.554392
0.017183
0.269501
0.513426
0.553683
0.015534
0.268185
0.51288
0.563943
0.01755
0.259375
0.507667
0.558888
0.018297
0.256916
0.503176
0.55631
0.01714
0.253888
0.496785
0.563579
0.026826
0.252301
0.487576
0.565776
0.016926
0.255359
0.493667
0.570265
0.015724
0.256446
0.492124
0.571825
0.019292
0.256101
0.488894
0.57992
0.016355
0.255943
0.48905
0.603198
0.018039
0.254737
0.48494
0.58985
0.010616
0.262572
0.483427
0.586593
0.009123
0.262394
0.481462
0.574923
0.01503
0.260262
0.478983
0.579574
0.020073
0.252498
0.473228
0.570723
0.021741
0.254445
0.473275
0.573701
0.024289
0.252613
0.471802
0.587441
0.026765
0.252532
0.470789
0.589835
0.02516
0.255029
0.470261
0.592747
0.024592
0.256384
0.469528
0.592086
0.024897
0.257351
0.469148
0.591094
0.026652
0.257789
0.469423
0.593522
0.028482
0.257164
0.46779
0.603032
0.029389
0.257795
0.466154
0.603562
0.030675
0.258242
0.464645
0.597971
0.027572
0.261932
0.466054
0.601601
0.0283
0.261548
0.465066
0.604811
0.030192
0.260541
0.463288
0.603422
0.03256
0.259773
0.462413
0.601372
0.035843
0.258671
0.461489
0.598802
0.038224
0.259809
0.461893
0.597779
0.037777
0.263254
0.464331
0.642401
0.046901
0.264205
0.457669
0.634853
0.040545
0.269229
0.456771
0.61733
0.030733
0.277953
0.454993
0.620788
0.036618
0.271463
0.453959
0.612145
0.041579
0.270323
0.452341
0.603271
0.049314
0.268936
0.455691
0.60261
0.053445
0.267041
0.454805
0.59803
0.055155
0.270752
0.458445
0.603547
0.057198
0.271278
0.459048
0.599534
0.057104
0.273626
0.459957
0.602093
0.057846
0.274019
0.460814
0.609581
0.059607
0.27477
0.459298
0.661973
0.068225
0.278702
0.448113
0.640556
0.049655
0.290719
0.442234
0.63583
0.052961
0.285429
0.442318
0.63388
0.061923
0.276221
0.435535
0.631209
0.068261
0.267747
0.428572
0.637098
0.067942
0.269119
0.425486
0.639247
0.063811
0.273247
0.424278
0.648409
0.066394
0.275164
0.420773
0.654671
0.065079
0.277745
0.418442
0.651111
0.063483
0.279299
0.417609
0.648436
0.062971
0.280094
0.417085
0.643689
0.065971
0.279618
0.419084
0.648588
0.071621
0.276786
0.416863
0.649586
0.070425
0.278188
0.416568
0.650048
0.071783
0.279075
0.415627
0.663551
0.075429
0.280129
0.411228
0.665126
0.07087
0.284019
0.408888
0.657087
0.071316
0.284877
0.407257
0.666443
0.076378
0.282186
0.404414
0.665943
0.074442
0.283713
0.402989
0.671793
0.077715
0.282966
0.398143
0.695305
0.08208
0.286821
0.388244
0.681355
0.073946
0.291711
0.383255
0.680655
0.078626
0.286325
0.383908
0.686743
0.085889
0.281309
0.37658
0.683809
0.082967
0.282174
0.372946
0.68578
0.085398
0.280562
0.368101
0.67897
0.087129
0.28145
0.368761
0.68123
0.090289
0.280663
0.368911
0.691301
0.092804
0.283343
0.365134
0.694215
0.091983
0.285958
0.362543
0.687536
0.092017
0.287137
0.362094
0.685209
0.098395
0.284712
0.36554
0.689596
0.103124
0.283725
0.362785
0.690297
0.100895
0.286477
0.362269
0.691492
0.102213
0.287517
0.361547
0.696575
0.104635
0.28855
0.359376
0.707373
0.108478
0.290067
0.354496
0.698635
0.104066
0.293572
0.352344
0.697375
0.109005
0.291639
0.355663
0.699099
0.11351
0.291147
0.354033
0.698072
0.113279
0.290905
0.354706
0.725862
0.160202
0.282789
0.329956
0.747754
0.141299
0.294093
0.330213
0.738611
0.121854
0.305418
0.327766
0.739493
0.126949
0.300617
0.32434
0.732217
0.134103
0.293875
0.320483
0.735064
0.141995
0.289207
0.316556
0.731516
0.141428
0.28843
0.315452
0.744061
0.155584
0.284265
0.309818
0.749066
0.157214
0.285812
0.307368
0.743486
0.156126
0.288991
0.308216
0.740746
0.162674
0.28936
0.315088
0.747
0.173909
0.286702
0.313052
0.746674
0.172351
0.286782
0.314649
0.744462
0.173103
0.289192
0.317317
0.746661
0.17763
0.290278
0.319478
0.751616
0.187271
0.289755
0.321401
0.757327
0.199326
0.286806
0.322143
0.75351
0.203323
0.289131
0.327489
0.753061
0.208544
0.289445
0.331488
0.755338
0.216663
0.288888
0.333575
0.754641
0.226345
0.291374
0.344185
0.779694
0.28304
0.263387
0.337144
0.787171
0.306208
0.249335
0.335287
0.779473
0.317591
0.244644
0.337723
0.781404
0.333572
0.238126
0.339864
0.777346
0.3353
0.23834
0.343373
0.777506
0.34549
0.234885
0.346862
0.778684
0.382479
0.227767
0.365067
0.773446
0.385827
0.233468
0.37245
0.768165
0.390216
0.238212
0.381206
0.764611
0.405079
0.245312
0.399059
0.749307
0.424996
0.271381
0.439642
0.737179
0.454398
0.293461
0.477671
0.720688
0.485478
0.323271
0.517088
0.700501
0.508524
0.359169
0.551704
0.674177
0.531396
0.391754
0.571117
0.670903
0.535804
0.409332
0.581453
0.667717
0.53962
0.426628
0.590196
0.669909
0.548051
0.429935
0.594769
0.668149
0.549587
0.435506
0.596897
0.665211
0.552177
0.443251
0.599566
0.6633
0.554648
0.451358
0.603727
0.659198
0.558867
0.459974
0.606857
0.664322
0.574159
0.452935
0.608279
0.668804
0.580441
0.450395
0.610535
0.686492
0.614163
0.431767
0.616118
0.694725
0.617465
0.435357
0.623311
0.693869
0.617757
0.447194
0.626663
0.691907
0.619146
0.455802
0.628681
0.689727
0.622317
0.461785
0.632206
0.686334
0.626882
0.469659
0.636184
0.689215
0.634546
0.470537
0.63958
0.69052
0.633472
0.476695
0.642579
0.694416
0.639583
0.478679
0.645712
0.694075
0.639744
0.483758
0.647259
0.697732
0.646752
0.481162
0.649352
0.697936
0.646822
0.483485
0.650908
0.696627
0.648306
0.486568
0.651934
0.695946
0.649574
0.490769
0.654112
0.695264
0.650664
0.496215
0.656476
0.694587
0.651559
0.502218
0.658586
0.694032
0.652235
0.508338
0.660631
0.693908
0.652352
0.509632
0.660985
0.693894
0.652366
0.509684
0.660992
0.69377
0.652463
0.509973
0.661016
0.693809
0.652461
0.510018
0.661103
0.693852
0.652454
0.509764
0.661084
0.693842
0.652459
0.509639
0.661036
0.693823
0.652455
0.509488
0.660956
0.6938
0.652431
0.508856
0.660677
0.693941
0.652279
0.508093
0.660457
0.694071
0.652117
0.50733
0.6602
0.694116
0.651993
0.50657
0.659844
0.694273
0.651787
0.505816
0.659565
0.694431
0.651602
0.505246
0.659382
0.694355
0.651613
0.50485
0.659124
0.694355
0.651613
0.50485
0.659124
