0.002381
0.003064
0.020625
0.01752
0.011073
0.011017
0.066457
0.078714
0.008954
0.007058
0.05409
0.062946
0.023339
0.001733
0.066262
0.080054
0.018533
0.006896
0.045522
0.059584
0.0302
0.001485
0.071068
0.088409
0.038148
0.002356
0.082557
0.104684
0.048325
0.003116
0.10054
0.128475
0.055919
0.010164
0.100318
0.136188
0.064491
0.012033
0.114297
0.155413
0.074824
0.012073
0.12775
0.173766
0.082655
0.009395
0.141273
0.189289
0.085374
0.008534
0.14866
0.197219
0.086795
0.00734
0.153034
0.20114
0.085243
0.00679
0.155408
0.201898
0.087865
0.006374
0.156052
0.203381
0.10552
0.003563
0.164714
0.214872
0.122753
0.021685
0.184078
0.231663
0.124704
0.032099
0.19945
0.241226
0.123394
0.021815
0.188623
0.235108
0.120828
0.025029
0.185087
0.227586
0.114415
0.024509
0.18729
0.226278
0.119954
0.03658
0.196424
0.230571
0.121516
0.045012
0.206199
0.235494
0.12893
0.057517
0.217316
0.24249
0.137971
0.073145
0.230079
0.250222
0.138746
0.064588
0.231963
0.254819
0.143784
0.07878
0.244168
0.261145
0.157317
0.096511
0.256423
0.269021
0.166542
0.100885
0.264358
0.276634
0.179408
0.114479
0.276527
0.285376
0.18578
0.107362
0.282383
0.293466
0.188463
0.119483
0.296578
0.300621
0.178391
0.130028
0.307372
0.297486
0.181877
0.095898
0.305636
0.307591
0.156182
0.055559
0.312744
0.315561
0.164024
0.039188
0.318159
0.323615
0.156412
0.042881
0.326082
0.323704
0.160458
0.037096
0.331129
0.326829
0.129065
0.010311
0.339996
0.32882
0.089556
0.044555
0.347164
0.331402
0.109924
0.029991
0.351139
0.333094
0.132363
0.004834
0.358929
0.335569
0.139543
0.005267
0.364938
0.336961
0.155105
0.025284
0.380778
0.342651
0.12011
0.010996
0.390757
0.342364
0.107283
0.003563
0.411085
0.344136
0.141433
0.009126
0.420318
0.350658
0.125073
0.000348
0.432633
0.349668
0.088938
0.046605
0.440099
0.341862
0.090511
0.042849
0.45396
0.337579
0.110101
0.029121
0.459101
0.33604
0.091486
0.045688
0.467689
0.330441
0.064196
0.073321
0.47545
0.320331
0.081366
0.065207
0.469241
0.314292
0.089758
0.054487
0.466818
0.309462
0.084869
0.060215
0.458898
0.299156
0.082671
0.051352
0.474906
0.30088
0.069564
0.067153
0.48495
0.299256
0.066983
0.073578
0.488788
0.297507
0.070226
0.066077
0.495745
0.300382
0.064419
0.072958
0.497243
0.298449
0.064571
0.072353
0.494253
0.296704
0.068502
0.062094
0.503329
0.30143
0.061662
0.070608
0.506754
0.300091
0.061527
0.070095
0.505453
0.299501
0.064684
0.061578
0.512019
0.303674
0.059212
0.068147
0.514641
0.302705
0.058841
0.067567
0.513224
0.302125
0.059212
0.066629
0.511201
0.301165
0.060264
0.063705
0.513059
0.302516
0.062446
0.056009
0.520565
0.307416
0.056047
0.063759
0.524424
0.307095
0.054348
0.062025
0.526462
0.308402
0.05513
0.058911
0.52841
0.310115
0.057898
0.051336
0.532363
0.314281
0.054411
0.055556
0.534441
0.31336
0.049988
0.059343
0.53546
0.313518
0.049387
0.058671
0.534065
0.31306
0.050654
0.05496
0.535463
0.314701
0.049089
0.056902
0.535752
0.314176
0.047702
0.056773
0.533801
0.313404
0.047761
0.05524
0.530378
0.311948
0.048167
0.053676
0.526401
0.310106
0.046698
0.052884
0.522026
0.308266
0.043816
0.052417
0.51727
0.30655
0.042854
0.050664
0.511817
0.30454
0.042331
0.0484
0.505554
0.302344
0.039894
0.046627
0.499499
0.300948
0.03709
0.044977
0.493471
0.30006
0.036205
0.044134
0.490901
0.299825
0.035531
0.043416
0.488649
0.299614
0.03454
0.042053
0.485209
0.299363
0.03454
0.042053
0.485209
0.299363
