0.002321
0.003008
0.019115
0.016076
0.001062
0.003871
0.025542
0.022681
0.00335
0.000688
0.033357
0.035601
0.018274
0.008899
0.05329
0.067006
0.121099
0.055929
0.045988
0.142191
0.131266
0.060782
0.063432
0.169736
0.041733
0.035696
0.128282
0.170396
0.055533
0.021005
0.128743
0.170031
0.073215
0.01884
0.1267
0.173057
0.115502
0.026114
0.120571
0.192868
0.071685
0.014112
0.14905
0.193469
0.078546
0.01048
0.15687
0.20271
0.072823
0.002865
0.164338
0.197783
0.118985
0.00069
0.167794
0.227003
0.131831
0.006517
0.177108
0.238882
0.103377
0.017711
0.202972
0.242501
0.115812
0.036538
0.216264
0.246391
0.147145
0.042954
0.216996
0.264819
0.134139
0.055884
0.228947
0.257704
0.146481
0.062575
0.234957
0.269451
0.145912
0.069649
0.242917
0.273249
0.149909
0.07378
0.242057
0.269956
0.156147
0.08684
0.247176
0.269602
0.165756
0.112765
0.258627
0.274578
0.162334
0.14213
0.273901
0.268688
0.154496
0.19045
0.299504
0.26618
0.177604
0.214644
0.304187
0.281851
0.209134
0.147722
0.275062
0.286676
0.167963
0.099424
0.283068
0.294893
0.13633
0.124817
0.310155
0.288744
0.158864
0.118572
0.315879
0.306954
0.163073
0.123333
0.320298
0.309474
0.163122
0.177756
0.345859
0.31907
0.190055
0.199874
0.350761
0.321549
0.219393
0.212062
0.354837
0.329288
0.221406
0.242845
0.37354
0.328682
0.228977
0.077244
0.362909
0.360234
0.174252
0.053871
0.389432
0.36652
0.11265
0.023438
0.409885
0.364064
0.070878
0.009695
0.423714
0.358491
0.032979
0.038575
0.43618
0.357879
0.00536
0.065447
0.446666
0.355083
0.085794
0.064574
0.427706
0.358562
0.087703
0.050853
0.428564
0.355765
0.10511
0.027307
0.429947
0.352174
0.108464
0.04446
0.420702
0.346067
0.095844
0.025398
0.430954
0.343659
0.088653
0.010666
0.439653
0.341718
0.095505
0.029822
0.437548
0.335583
0.077009
0.060636
0.446634
0.327235
0.069447
0.071542
0.447924
0.321518
0.084404
0.053152
0.448716
0.319019
0.092105
0.053421
0.443032
0.311492
0.082034
0.06404
0.441066
0.303427
0.076504
0.064177
0.443359
0.298976
0.082468
0.056132
0.44568
0.295889
0.077431
0.063072
0.448469
0.292697
0.072902
0.066359
0.455264
0.291516
0.075576
0.063775
0.461778
0.291891
0.071127
0.068038
0.466099
0.290882
0.069598
0.067486
0.471822
0.291426
0.072194
0.06405
0.478172
0.292983
0.066068
0.07227
0.481757
0.291474
0.066528
0.068445
0.486423
0.293403
0.066931
0.066817
0.489172
0.29423
0.066163
0.066313
0.492174
0.295069
0.068027
0.060562
0.496931
0.297817
0.0675
0.061433
0.497443
0.297392
0.06505
0.062833
0.501481
0.298645
0.061971
0.064672
0.505584
0.299476
0.058794
0.068532
0.507163
0.298802
0.059876
0.067797
0.506204
0.298375
0.059962
0.067149
0.504736
0.297726
0.059716
0.066935
0.503768
0.2972
0.0594
0.066912
0.502786
0.296645
0.058837
0.067222
0.501135
0.29545
0.058673
0.067043
0.499131
0.294166
0.058687
0.066765
0.49822
0.293681
0.058496
0.066643
0.496846
0.292832
0.058219
0.066791
0.496472
0.292583
0.058043
0.066827
0.496138
0.292365
0.058107
0.066714
0.495916
0.292262
0.058202
0.066569
0.495708
0.292177
0.058183
0.066552
0.495622
0.292128
0.058144
0.066586
0.495627
0.292128
0.058109
0.066621
0.495641
0.292129
0.057997
0.066768
0.495747
0.292148
0.058063
0.066713
0.495811
0.292204
0.058108
0.066681
0.495838
0.292226
0.058146
0.066653
0.495865
0.292247
0.058268
0.066603
0.496029
0.292356
0.058262
0.066619
0.496102
0.2924
0.058179
0.066743
0.496373
0.29254
0.058139
0.066841
0.496613
0.292667
0.058139
0.066841
0.496613
0.292667
