0.002607
0.003367
0.020049
0.016646
0.001409
0.001562
0.026185
0.024454
0.005357
0.000442
0.036743
0.039951
0.002918
0.000832
0.029902
0.031933
0.003987
0.00212
0.028387
0.029336
0.01178
0.001288
0.032719
0.039956
0.012068
0.004498
0.041912
0.050949
0.008856
0.001083
0.040569
0.045917
0.017067
0.001002
0.034757
0.043628
0.019954
0.000018
0.037645
0.048727
0.014499
0.00013
0.039858
0.04773
0.015971
0.000977
0.039012
0.047218
0.019727
0.000095
0.053672
0.064408
0.031937
0.005089
0.050436
0.070405
0.025335
0.001834
0.05607
0.071005
0.050569
0.010713
0.048964
0.082174
0.044806
0.010665
0.058417
0.08902
0.042034
0.006776
0.066991
0.093783
0.043734
0.012189
0.066388
0.097437
0.035355
0.006538
0.079582
0.102421
0.036437
0.009463
0.068828
0.094018
0.046001
0.014221
0.061558
0.09478
0.044128
0.012279
0.065058
0.095519
0.039847
0.007131
0.079628
0.105109
0.040146
0.008444
0.073455
0.099914
0.045222
0.00551
0.078993
0.106554
0.047286
0.006489
0.080214
0.109358
0.054094
0.008038
0.079822
0.112833
0.047523
0.008855
0.09077
0.120968
0.058744
0.010093
0.093584
0.130594
0.048318
0.008573
0.096902
0.127313
0.056431
0.010557
0.096296
0.132179
0.057986
0.010744
0.097879
0.134602
0.059658
0.01097
0.099392
0.137049
0.05997
0.013961
0.094893
0.134542
0.0559
0.014522
0.090971
0.128699
0.056877
0.011
0.093045
0.12716
0.053793
0.010773
0.095589
0.12964
0.06069
0.009777
0.098083
0.135283
0.062366
0.009384
0.100885
0.138647
0.062968
0.009181
0.103775
0.141598
0.064721
0.008925
0.10697
0.145416
0.066156
0.007799
0.109099
0.146743
0.078507
0.006125
0.111099
0.153322
0.065491
0.006866
0.116141
0.153289
0.059058
0.008143
0.117241
0.15179
0.082697
0.004359
0.119922
0.164616
0.06569
0.00638
0.122873
0.159511
0.071637
0.007136
0.122112
0.162138
0.066674
0.01142
0.119024
0.158809
0.072452
0.010085
0.1188
0.160701
0.069014
0.012587
0.117308
0.158734
0.073272
0.010208
0.117776
0.159163
0.070951
0.009131
0.120276
0.160313
0.07539
0.006804
0.124509
0.165462
0.076377
0.001312
0.130103
0.16558
0.077129
0.003921
0.131342
0.170964
0.082227
0.00157
0.134715
0.174732
0.08873
0.000312
0.136728
0.180209
0.08531
0.006114
0.143163
0.178357
0.092003
0.008104
0.147218
0.186919
0.089968
0.006603
0.151118
0.190319
0.086505
0.007161
0.153541
0.189187
0.085635
0.011293
0.15801
0.188913
0.093229
0.009034
0.157915
0.196292
0.088817
0.008962
0.160451
0.195264
0.087598
0.014131
0.165721
0.195344
0.096504
0.011619
0.163778
0.202435
0.092953
0.009096
0.163215
0.200909
0.09165
0.002865
0.161426
0.201633
0.089625
0.005827
0.164678
0.200054
0.089689
0.001106
0.163582
0.202687
0.087584
0.000188
0.164671
0.202655
0.092371
0.0026
0.166958
0.206793
0.090256
0.009681
0.172426
0.204723
0.095855
0.017642
0.177093
0.207868
0.097062
0.010301
0.174656
0.211061
0.098964
0.010983
0.178302
0.21484
0.096248
0.004217
0.177567
0.216057
0.094369
0.00076
0.178293
0.217157
0.094996
0.002282
0.180389
0.21817
0.096067
0.005547
0.182719
0.219643
0.091726
0.013836
0.188966
0.216336
0.09852
0.02463
0.19476
0.220253
0.107871
0.036313
0.200156
0.225946
0.110897
0.01613
0.192239
0.228123
0.097776
0.003452
0.191764
0.231254
0.079075
0.028615
0.193097
0.235364
0.080742
0.031244
0.19684
0.239839
0.08477
0.030087
0.195186
0.23935
0.087656
0.024047
0.196915
0.239147
0.087196
0.019182
0.199486
0.238107
0.089715
0.01796
0.199486
0.238797
0.09255
0.012551
0.202202
0.240037
0.095867
0.009849
0.202965
0.240774
0.096827
0.001566
0.207316
0.240176
0.100062
0.002252
0.20724
0.241716
0.098569
0.000431
0.210119
0.241652
0.09812
0.007771
0.207467
0.242821
0.10371
0.003945
0.214257
0.245848
0.102936
0.003262
0.215099
0.245539
0.099991
0.005619
0.213686
0.247175
0.099244
0.009397
0.214091
0.248822
0.0944
0.016416
0.214013
0.249784
0.088772
0.019239
0.215322
0.248753
0.094916
0.014539
0.219908
0.252998
0.097766
0.007129
0.223238
0.2534
0.099517
0.012572
0.221145
0.254366
0.10069
0.016569
0.219736
0.255115
0.100984
0.01446
0.220067
0.254098
0.102106
0.013837
0.220559
0.254431
0.100733
0.012575
0.221706
0.25334
0.097035
0.002514
0.227661
0.251946
0.096434
0.006699
0.232477
0.252675
0.10656
0.002198
0.227226
0.254994
0.096943
0.01654
0.228061
0.257872
0.085599
0.007452
0.237735
0.254957
0.085758
0.002723
0.242033
0.257987
0.092787
0.002591
0.245966
0.263011
0.104832
0.007199
0.240824
0.266019
0.106694
0.006259
0.243905
0.268008
0.106055
0.011748
0.244312
0.269651
0.100113
0.007191
0.24878
0.267855
0.106464
0.011103
0.247968
0.270943
0.108999
0.009448
0.250511
0.273169
0.116036
0.007757
0.251783
0.2754
0.112775
0.003001
0.255495
0.2741
0.112498
0.000437
0.258113
0.276123
0.109745
0.016714
0.255939
0.278024
0.103123
0.016847
0.261412
0.279133
0.105879
0.019733
0.261792
0.280855
0.100656
0.00651
0.269441
0.278935
0.109867
0.013244
0.267119
0.282171
0.110624
0.013482
0.268307
0.283875
0.125156
0.00349
0.273833
0.287676
0.123163
0.011196
0.274922
0.290552
0.100944
0.029203
0.278338
0.290462
0.085475
0.053034
0.276653
0.290623
0.082344
0.04643
0.278392
0.287911
0.097156
0.040692
0.274543
0.287153
0.093757
0.033142
0.278322
0.285675
0.091202
0.019855
0.284597
0.28538
0.091843
0.015764
0.286458
0.28482
0.109183
0.023307
0.282253
0.289209
0.105546
0.023597
0.286035
0.290233
0.109022
0.022099
0.289032
0.29199
0.117244
0.013786
0.293621
0.294211
0.11304
0.00688
0.299001
0.293704
0.113085
0.007538
0.300079
0.295616
0.105467
0.02907
0.30008
0.29724
0.085988
0.052035
0.304512
0.299169
0.074459
0.04816
0.310956
0.297665
0.068202
0.039214
0.319069
0.298693
0.092898
0.049545
0.312434
0.303539
0.098463
0.041053
0.314997
0.303726
0.096331
0.028886
0.320535
0.302867
0.095461
0.016508
0.326281
0.302475
0.100019
0.005965
0.331239
0.304249
0.11747
0.02341
0.32854
0.309421
0.09507
0.041092
0.335491
0.309677
0.074274
0.012513
0.355595
0.306981
0.111193
0.030825
0.347503
0.315118
0.103958
0.020341
0.354601
0.314433
0.1128
0.02214
0.356846
0.315934
0.112531
0.014538
0.363563
0.317085
0.098578
0.039919
0.364921
0.316626
0.079398
0.065659
0.365829
0.314068
0.08804
0.057462
0.361548
0.310325
0.096825
0.049486
0.355863
0.305475
0.103311
0.039642
0.352443
0.300402
0.097246
0.03976
0.355451
0.298588
0.092282
0.042114
0.357408
0.298178
0.090395
0.044214
0.36418
0.298937
0.112174
0.024857
0.381631
0.305271
0.110836
0.02376
0.387852
0.306729
0.094177
0.035197
0.401046
0.305905
0.081718
0.048184
0.408184
0.304619
0.07329
0.051987
0.414809
0.304157
0.064964
0.041152
0.43396
0.305439
0.083448
0.05308
0.44521
0.307169
0.09339
0.042459
0.458581
0.310295
0.071165
0.068441
0.463504
0.303823
0.067708
0.073014
0.465823
0.300393
0.073012
0.065255
0.468973
0.301179
0.081005
0.058079
0.470928
0.300713
0.075764
0.064165
0.474432
0.298342
0.066711
0.071917
0.47822
0.295765
0.069328
0.066262
0.484741
0.297137
0.072739
0.062467
0.490039
0.298361
0.07268
0.061168
0.493074
0.299229
0.072555
0.059188
0.495645
0.300251
0.076433
0.043912
0.509622
0.305779
0.070825
0.052178
0.518279
0.309137
0.058775
0.066985
0.524775
0.307561
0.058358
0.066735
0.524268
0.307378
0.060186
0.060406
0.528013
0.310574
0.061988
0.054163
0.532571
0.313632
0.060502
0.055984
0.532938
0.313868
0.060599
0.053682
0.535628
0.315694
0.059684
0.049654
0.540985
0.31756
0.060387
0.046394
0.542604
0.321418
0.056357
0.043563
0.552784
0.327534
0.048187
0.0458
0.561067
0.331769
0.041966
0.050721
0.561866
0.331293
0.046636
0.034904
0.568511
0.338056
0.041882
0.03703
0.567512
0.338552
0.045112
0.021995
0.571035
0.349518
0.039511
0.027059
0.572199
0.343526
0.043875
0.009312
0.57356
0.357093
0.035827
0.015474
0.575021
0.350577
0.021231
0.019073
0.571326
0.358816
0.01414
0.019933
0.569629
0.362312
0.008899
0.006875
0.56673
0.372771
0.002524
0.002997
0.562884
0.378875
0.006608
0.017899
0.545893
0.395879
0.013719
0.026152
0.534453
0.40509
0.042322
0.072988
0.478398
0.470683
0.113221
0.058811
0.350747
0.60606
0.129847
0.007276
0.284684
0.671878
0.150693
0.047745
0.214482
0.726983
0.13037
0.088755
0.154011
0.750102
0.083438
0.088359
0.136718
0.740299
0.014249
0.068555
0.134518
0.718146
0.050655
0.029634
0.113982
0.696269
0.098529
0.009282
0.049881
0.676298
0.096549
0.009517
0.055553
0.677566
0.088167
0.023036
0.055783
0.691981
0.082436
0.00122
0.04863
0.77968
0.081504
0.000893
0.047949
0.798683
0.081504
0.000893
0.047949
0.798683
