0.003552
0.00404
0.039732
0.032129
0.000034
0.002746
0.048148
0.045291
0.003648
0.003062
0.055298
0.055719
0.00825
0.000715
0.069675
0.076975
0.008836
0.002893
0.066987
0.078389
0.013628
0.002691
0.072814
0.088538
0.042129
0.007403
0.097646
0.145852
0.028389
0.007125
0.1156
0.15022
0.025371
0.013021
0.109781
0.147283
0.023964
0.010048
0.112008
0.145005
0.030025
0.013617
0.107319
0.148963
0.036273
0.01153
0.13829
0.184443
0.041743
0.012292
0.152684
0.204732
0.044868
0.013409
0.161309
0.217269
0.049142
0.013676
0.171889
0.231966
0.048992
0.016942
0.157853
0.221361
0.048539
0.015742
0.164853
0.226206
0.059724
0.011207
0.181718
0.248992
0.065621
0.009811
0.190592
0.261839
0.068387
0.009187
0.196278
0.269249
0.071167
0.007754
0.20182
0.275744
0.075086
0.009421
0.197159
0.276459
0.069288
0.014145
0.184854
0.263454
0.062449
0.018561
0.170141
0.246553
0.076611
0.010256
0.18132
0.262039
0.086853
0.002427
0.193819
0.275948
0.089991
0.000595
0.200599
0.282332
0.074904
0.004451
0.200742
0.273335
0.090579
0.00083
0.199985
0.283011
0.108277
0.008447
0.206475
0.296153
0.103858
0.007715
0.202708
0.289595
0.110809
0.010282
0.201808
0.291274
0.115017
0.015567
0.20788
0.295415
0.125786
0.012167
0.201593
0.29476
0.150929
0.031012
0.207707
0.311197
0.150393
0.04044
0.21725
0.310636
0.158976
0.046901
0.21708
0.3108
0.175955
0.057044
0.215238
0.312117
0.195802
0.0703
0.214173
0.313732
0.198442
0.071505
0.198233
0.300887
0.204103
0.068174
0.172067
0.280812
0.195867
0.065471
0.162555
0.264438
0.186495
0.063118
0.151451
0.246729
0.187155
0.063276
0.140398
0.233886
0.190113
0.068437
0.142129
0.229817
0.215666
0.07828
0.133851
0.230553
0.233521
0.091567
0.136473
0.23108
0.237156
0.095291
0.137886
0.229399
0.262588
0.10878
0.137539
0.232195
0.27216
0.111711
0.136757
0.230318
0.275843
0.11457
0.135419
0.228089
0.297857
0.113818
0.111825
0.214022
0.27081
0.102497
0.10426
0.197327
0.273793
0.106619
0.101915
0.18348
0.287301
0.096081
0.093412
0.167867
0.322726
0.118618
0.084264
0.171673
0.339438
0.135365
0.096748
0.169977
0.344454
0.140511
0.102559
0.169638
0.356374
0.138949
0.102884
0.167484
0.36866
0.136241
0.097744
0.163075
0.38922
0.14012
0.098982
0.157106
0.398578
0.141973
0.099696
0.147089
0.422095
0.143543
0.10202
0.137391
0.457566
0.148758
0.10174
0.120027
0.46778
0.151376
0.102024
0.108941
0.458702
0.146731
0.089164
0.082973
0.453786
0.134199
0.06241
0.035823
0.434545
0.118512
0.030482
0.02295
0.431273
0.110586
0.035948
0.03674
0.445942
0.107133
0.050469
0.030711
0.455889
0.10646
0.066237
0.023609
0.450632
0.101622
0.077515
0.011462
0.451802
0.094954
0.086843
0.004753
0.457911
0.088336
0.092922
0.001806
0.454121
0.081872
0.10084
0.004834
0.44625
0.077659
0.114221
0.02256
0.429657
0.061686
0.126929
0.054078
0.414366
0.034465
0.139993
0.091071
0.395539
0.000941
0.169108
0.155777
0.385233
0.054891
0.201716
0.222148
0.343579
0.108258
0.25459
0.277347
0.339223
0.146239
0.265271
0.295245
0.335539
0.167129
0.263027
0.294671
0.347345
0.192762
0.25249
0.297463
0.375832
0.24453
0.226285
0.302119
0.387585
0.261659
0.220715
0.305866
0.416117
0.29352
0.224034
0.324037
0.436618
0.305862
0.251051
0.348032
0.439936
0.303058
0.268581
0.358261
0.444795
0.294115
0.294594
0.373198
0.447671
0.292073
0.295756
0.375856
0.447438
0.292314
0.295618
0.375689
0.447139
0.292686
0.29541
0.375514
0.447061
0.292922
0.295275
0.375597
0.446729
0.293373
0.295216
0.375574
0.446433
0.293734
0.295269
0.375577
0.446262
0.294022
0.295569
0.375852
0.446208
0.294153
0.296112
0.376311
0.446002
0.294388
0.296753
0.376662
0.445993
0.294415
0.297566
0.377212
0.446133
0.294312
0.298235
0.377749
0.446042
0.29439
0.298625
0.37797
0.445872
0.294551
0.298713
0.377952
0.44591
0.294578
0.298567
0.377948
0.445939
0.294576
0.298441
0.377903
0.445939
0.294594
0.298237
0.377779
0.445836
0.294644
0.29753
0.377219
0.445908
0.294521
0.29677
0.376704
0.446135
0.294191
0.296177
0.376302
0.446355
0.293871
0.295837
0.376006
0.446777
0.293316
0.295812
0.375987
0.447073
0.292801
0.295939
0.37593
0.447471
0.292249
0.296081
0.376053
0.447328
0.292367
0.296109
0.375974
0.447142
0.292679
0.296077
0.376017
0.446905
0.293034
0.296018
0.376072
0.446527
0.293598
0.295988
0.376062
0.446291
0.29389
0.296321
0.376323
0.446084
0.294137
0.296912
0.376714
0.446032
0.294297
0.297663
0.377267
0.446146
0.294244
0.29832
0.377773
0.446037
0.294283
0.298439
0.377696
0.446476
0.293779
0.29852
0.377928
0.446476
0.293779
0.29852
0.377928
