0.003195
0.004011
0.038947
0.031724
0.002908
0.004205
0.040992
0.033867
0.000134
0.002537
0.047551
0.045058
0.005717
0.002697
0.065461
0.068335
0.005021
0.000018
0.058805
0.063598
0.014208
0.006937
0.062239
0.082418
0.02671
0.006483
0.089717
0.121541
0.036567
0.000626
0.112062
0.147838
0.044997
0.005449
0.139326
0.188598
0.017761
0.013617
0.112025
0.142497
0.025389
0.016044
0.103669
0.143478
0.040167
0.014897
0.112827
0.165773
0.029298
0.010455
0.131451
0.169701
0.036684
0.009579
0.137493
0.182097
0.052613
0.016812
0.134774
0.200692
0.041568
0.011628
0.154495
0.205426
0.046424
0.011128
0.155825
0.211024
0.048661
0.015286
0.151421
0.211988
0.046931
0.01371
0.155342
0.213301
0.047343
0.01254
0.157042
0.214229
0.053951
0.011141
0.170662
0.232505
0.061823
0.009113
0.183311
0.250394
0.06454
0.009457
0.187081
0.256901
0.066844
0.009192
0.191699
0.263144
0.07105
0.008547
0.194811
0.269419
0.067805
0.012396
0.185137
0.260711
0.069337
0.011754
0.18463
0.260519
0.071111
0.009508
0.188766
0.263855
0.076983
0.006864
0.19366
0.271369
0.083742
0.003369
0.200162
0.280404
0.087833
0.001201
0.204715
0.286351
0.090869
4.588e-7
0.20697
0.289989
0.095058
0.001791
0.208658
0.29344
0.105583
0.007274
0.212968
0.301524
0.10372
0.004924
0.203671
0.293507
0.102844
0.001987
0.195399
0.286654
0.097128
0.000285
0.188643
0.276649
0.106514
0.005875
0.191773
0.281161
0.11753
0.015207
0.19859
0.288302
0.121243
0.020495
0.203366
0.290916
0.127906
0.025628
0.206317
0.294211
0.136004
0.031486
0.208298
0.297031
0.145984
0.038192
0.209925
0.300187
0.1533
0.042838
0.207425
0.299388
0.165342
0.048844
0.202883
0.297879
0.15802
0.04788
0.199476
0.290149
0.163124
0.044096
0.181061
0.279284
0.156541
0.042646
0.181309
0.273516
0.165044
0.043934
0.172041
0.269353
0.177584
0.054503
0.175559
0.269587
0.196254
0.06554
0.170948
0.269439
0.21441
0.07406
0.163166
0.264523
0.228956
0.087102
0.160037
0.262122
0.23069
0.085918
0.151698
0.25464
0.23012
0.082619
0.135835
0.238917
0.229592
0.078659
0.120281
0.223886
0.244422
0.087101
0.11539
0.215595
0.268632
0.097523
0.108214
0.209781
0.273447
0.092954
0.1057
0.198683
0.286489
0.095404
0.098794
0.196927
0.305817
0.088713
0.091461
0.183865
0.339539
0.101136
0.087025
0.185433
0.381655
0.116921
0.075922
0.191041
0.368635
0.157535
0.09643
0.185267
0.362957
0.157906
0.118564
0.158381
0.400802
0.179043
0.115317
0.17696
0.408736
0.1658
0.117308
0.15926
0.433464
0.155536
0.114117
0.142308
0.471734
0.174183
0.102479
0.150899
0.492619
0.172306
0.091828
0.144669
0.45997
0.195586
0.110067
0.12243
0.449006
0.182362
0.10655
0.106756
0.452462
0.174379
0.073649
0.088637
0.429596
0.152076
0.036116
0.038518
0.427017
0.129079
0.022737
0.000677
0.446352
0.113958
0.003269
0.038337
0.402901
0.137676
0.027949
0.027139
0.416476
0.118582
0.033223
0.02505
0.42627
0.127226
0.044486
0.001168
0.433179
0.119789
0.053994
0.009816
0.439733
0.115368
0.069466
0.020173
0.439433
0.107799
0.078305
0.031447
0.454705
0.103182
0.08952
0.033149
0.47593
0.104649
0.103583
0.029104
0.471808
0.092218
0.109848
0.026015
0.480591
0.073467
0.113697
0.014266
0.509011
0.062868
0.111386
0.000974
0.524517
0.067618
0.111373
0.009312
0.534265
0.092139
0.119168
0.0157
0.538221
0.068272
0.090856
0.015988
0.547713
0.028762
0.070896
0.009379
0.560286
0.006013
0.063152
0.033753
0.548939
0.055808
0.092952
0.10025
0.533556
0.10601
0.138633
0.180205
0.514179
0.163599
0.197022
0.266761
0.48483
0.231369
0.255804
0.33761
0.446041
0.293761
0.302536
0.380353
0.445813
0.29465
0.302203
0.380296
0.445649
0.294998
0.300653
0.379455
0.445105
0.295732
0.298461
0.37797
0.445367
0.295411
0.298008
0.377724
0.445486
0.295144
0.29756
0.377273
0.445839
0.294622
0.297264
0.377019
0.4464
0.29389
0.296982
0.376865
0.446771
0.293293
0.296512
0.3764
0.447113
0.29273
0.295953
0.375912
0.447574
0.292152
0.295315
0.375554
0.447426
0.292257
0.294744
0.375036
0.447528
0.292213
0.294611
0.375114
0.447063
0.292775
0.29465
0.375028
0.446955
0.293036
0.295028
0.375415
0.446682
0.293429
0.29562
0.375862
0.446333
0.293868
0.296247
0.376214
0.4464
0.293905
0.29701
0.376924
0.446038
0.294357
0.297699
0.377302
0.445918
0.294552
0.298317
0.377764
0.445918
0.294552
0.298317
0.377764
