0.000414
0.000513
0.005163
0.004233
0.000182
0.000586
0.009645
0.009158
0.000152
0.000312
0.008118
0.007778
0.000691
0.000479
0.016887
0.016484
0.000385
0.000232
0.009282
0.009138
0.000781
0.000134
0.010935
0.011244
0.00119
0.000374
0.013426
0.013799
0.001257
0.000068
0.012505
0.013366
0.00301
0.000141
0.019089
0.020834
0.001205
0.000453
0.012648
0.01361
0.001461
0.000573
0.0136
0.014852
0.001619
0.000169
0.013441
0.014411
0.001758
0.000047
0.013756
0.01477
0.001815
0.000247
0.014771
0.015924
0.00201
0.000288
0.015534
0.016844
0.004635
0.00031
0.024285
0.026629
0.001601
0.001184
0.016183
0.017795
0.002147
0.001059
0.018698
0.020645
0.002541
0.00101
0.021623
0.023742
0.002585
0.000918
0.019808
0.021895
0.006953
0.00239
0.03438
0.036732
0.002331
0.001611
0.026318
0.028336
0.00361
0.001032
0.026072
0.028803
0.003997
0.001083
0.029821
0.032743
0.004358
0.000988
0.030183
0.033252
0.005008
0.000584
0.032202
0.035255
0.004382
0.001009
0.026332
0.029356
0.005517
0.000073
0.033227
0.03566
0.004384
0.001518
0.025025
0.028425
0.004879
0.000503
0.029175
0.031374
0.00642
0.000752
0.034819
0.036828
0.011723
0.002338
0.042038
0.042619
0.004811
0.001593
0.03679
0.038917
0.006482
0.000271
0.031267
0.033942
0.007477
0.001028
0.034882
0.036528
0.006903
0.000016
0.030623
0.032999
0.009019
0.002542
0.036004
0.03698
0.008763
0.002225
0.033292
0.034472
0.006964
0.000452
0.027876
0.029076
0.009454
0.001255
0.030017
0.028787
0.006068
0.000061
0.032687
0.032113
0.007847
0.000394
0.030449
0.030211
0.012517
0.005219
0.033089
0.033438
0.008479
0.002325
0.031789
0.031094
0.012405
0.003346
0.033723
0.029149
0.005914
0.000189
0.032551
0.03069
0.009954
0.001213
0.031805
0.028462
0.007261
0.001716
0.036736
0.032446
0.008951
0.002175
0.033237
0.030507
0.008928
0.00117
0.030361
0.029886
0.009659
0.002713
0.034954
0.032018
0.013413
0.006261
0.037972
0.034087
0.009747
0.002361
0.032469
0.028836
0.007813
0.000473
0.029584
0.02877
0.009474
0.00257
0.038427
0.03297
0.013287
0.003583
0.036697
0.029208
0.011779
0.00468
0.034167
0.029152
0.012196
0.005849
0.042097
0.03195
0.008846
0.000031
0.033707
0.031018
0.009671
0.000755
0.035939
0.032341
0.010353
0.001321
0.036885
0.033125
0.011665
0.002831
0.037612
0.032188
0.015343
0.006972
0.040498
0.031028
0.012777
0.004435
0.0319
0.025001
0.014255
0.003987
0.034672
0.020568
0.020486
0.007945
0.034196
0.022957
0.013509
0.009139
0.049341
0.028581
0.01616
0.007942
0.037152
0.019087
0.013923
0.004893
0.036506
0.023058
0.013711
0.003695
0.039398
0.026655
0.014052
0.003414
0.042052
0.030226
0.013561
0.001997
0.03845
0.030539
0.013959
0.00308
0.041041
0.028227
0.01833
0.008003
0.047288
0.025312
0.019887
0.007818
0.039127
0.024348
0.011044
0.00033
0.037155
0.026247
0.016598
0.00435
0.042195
0.025188
0.023183
0.011178
0.050282
0.021823
0.020544
0.00762
0.042198
0.019849
0.015681
0.003545
0.037923
0.016514
0.018012
0.004961
0.043761
0.020984
0.022149
0.00856
0.049237
0.018959
0.014807
0.000187
0.052016
0.038206
0.016262
0.001187
0.050436
0.03249
0.019103
0.003852
0.051481
0.028946
0.022649
0.005877
0.044591
0.025307
0.019328
0.003881
0.035913
0.013739
0.02021
0.0048
0.040923
0.012851
0.022208
0.005719
0.046918
0.018515
0.023645
0.006334
0.052317
0.023928
0.02329
0.005392
0.052232
0.017428
0.021702
0.004694
0.050407
0.017699
0.020069
0.003228
0.04618
0.014523
0.023496
0.00587
0.052214
0.014786
0.023429
0.004621
0.049294
0.020636
0.021906
0.003794
0.0471
0.016155
0.021873
0.003319
0.051277
0.017334
0.022538
0.003253
0.057851
0.032794
0.021584
0.002127
0.048078
0.02174
0.020162
0.001673
0.044808
0.012402
0.023029
0.003477
0.04981
0.011377
0.019522
0.000068
0.063356
0.035277
0.017222
0.001805
0.054669
0.027633
0.017785
0.001214
0.051707
0.022578
0.020044
0.000285
0.053386
0.022094
0.020828
0.000849
0.05596
0.023443
0.0211
0.00091
0.057299
0.023386
0.021642
0.001291
0.054831
0.022515
0.01964
0.00033
0.049302
0.016551
0.020113
0.000065
0.050019
0.013142
0.016626
0.003216
0.068403
0.037714
0.016448
0.003424
0.062298
0.032811
0.017137
0.002764
0.05889
0.027229
0.017864
0.002219
0.059491
0.026674
0.01817
0.002017
0.060526
0.026626
0.018541
0.001816
0.060908
0.025601
0.018698
0.00164
0.06159
0.02699
0.01831
0.002081
0.059891
0.021966
0.018412
0.001955
0.062242
0.0243
0.017808
0.002461
0.068676
0.035947
0.016864
0.003224
0.065547
0.030446
0.01484
0.004878
0.059126
0.0217
0.015421
0.004229
0.057635
0.023758
0.015453
0.004097
0.058136
0.027498
0.013383
0.006101
0.064966
0.037749
0.013136
0.006063
0.063594
0.038949
0.012932
0.006142
0.059252
0.03916
0.012291
0.006695
0.054097
0.039576
0.011565
0.007302
0.048605
0.041765
0.010765
0.008006
0.044054
0.045627
0.009811
0.008837
0.033639
0.052298
0.007264
0.01157
0.029843
0.051575
0.011296
0.007278
0.030952
0.066136
0.006768
0.011854
0.050471
0.07755
0.007511
0.01115
0.043511
0.090912
0.01074
0.007971
0.032441
0.06385
0.011177
0.007545
0.036387
0.063503
0.011135
0.007587
0.036405
0.063488
0.011144
0.007578
0.036631
0.063778
0.011113
0.007608
0.036747
0.063828
0.011126
0.007594
0.036953
0.064114
0.011084
0.007634
0.036967
0.064093
0.01109
0.00763
0.036908
0.064042
0.011094
0.007625
0.036607
0.063715
0.011145
0.007578
0.036416
0.063589
0.01114
0.007581
0.036378
0.063509
0.011166
0.007556
0.036441
0.063556
0.011116
0.007605
0.036735
0.063749
0.011105
0.007614
0.036958
0.063998
0.011099
0.007624
0.036749
0.063954
0.011086
0.007635
0.036678
0.063869
0.011088
0.007634
0.036331
0.063531
0.01116
0.007561
0.036243
0.06335
0.011105
0.007619
0.03639
0.06352
0.011097
0.007625
0.036632
0.06378
0.011081
0.007639
0.0367
0.063811
0.011126
0.007599
0.036578
0.063576
0.011122
0.0076
0.036517
0.063494
0.011086
0.007636
0.036624
0.063762
0.011103
0.00762
0.036597
0.063802
0.011103
0.00762
0.036597
0.063802
