0.000401
0.000497
0.005028
0.004114
0.000384
0.000184
0.011345
0.011523
0.000869
0.000349
0.009976
0.010114
0.001128
0.000153
0.012072
0.012857
0.001357
0.00064
0.013878
0.015203
0.001435
0.001142
0.015186
0.016858
0.001813
0.001051
0.018374
0.019963
0.002014
0.002127
0.023999
0.026669
0.002243
0.002288
0.02368
0.026689
0.002861
0.001633
0.025201
0.02796
0.009326
0.003916
0.0451
0.048402
0.007139
0.000772
0.043044
0.047404
0.00982
0.00027
0.043587
0.047435
0.017562
0.005294
0.071634
0.071139
0.002444
0.004917
0.035492
0.04062
0.016053
0.006168
0.049796
0.052861
0.018293
0.014231
0.067992
0.065429
0.005655
0.002557
0.029269
0.034126
0.013243
0.004856
0.040853
0.041962
0.0045
0.000881
0.035959
0.03505
0.009533
0.002358
0.032562
0.033923
0.011106
0.004493
0.037547
0.037237
0.00792
0.001113
0.024455
0.025153
0.010075
0.005078
0.036482
0.03267
0.012091
0.006122
0.038848
0.035995
0.012524
0.006073
0.03486
0.032143
0.014683
0.009162
0.039015
0.032856
0.01157
0.004761
0.024365
0.01995
0.012191
0.007711
0.03764
0.027067
0.012225
0.005959
0.037834
0.031183
0.013352
0.005652
0.033506
0.028076
0.01626
0.008858
0.038212
0.028644
0.01394
0.006947
0.032501
0.022763
0.016027
0.010162
0.04545
0.02808
0.018567
0.009017
0.036911
0.026918
0.019932
0.01023
0.032234
0.01941
0.023463
0.010736
0.030777
0.006448
0.020013
0.014828
0.041568
0.012685
0.02282
0.012687
0.032119
0.0038
0.033975
0.017519
0.021917
0.01429
0.019226
0.015669
0.046877
0.005039
0.020525
0.008812
0.033614
0.004966
0.024363
0.010706
0.043076
0.017599
0.026318
0.011084
0.045787
0.023443
0.025382
0.009588
0.032121
0.009783
0.022252
0.005278
0.027648
0.008609
0.028636
0.008182
0.020641
0.026112
0.046405
0.024588
0.017598
0.036684
0.034542
0.018501
0.02223
0.039338
0.027238
0.011025
0.030355
0.024909
0.031836
0.012178
0.04809
0.001051
0.038874
0.017176
0.057175
0.009152
0.030308
0.010073
0.063198
0.021211
0.027437
0.006983
0.038982
0.002643
0.025769
0.006214
0.036638
0.009122
0.025245
0.00559
0.045031
0.00256
0.030826
0.009653
0.051517
0.002627
0.033887
0.011311
0.051998
0.00414
0.03316
0.010924
0.058298
0.008922
0.023291
0.002191
0.049396
0.001859
0.023169
0.00217
0.044979
0.005
0.022668
0.001652
0.069347
0.029009
0.020067
0.000702
0.093491
0.062017
0.017569
0.002733
0.060007
0.024397
0.017993
0.002082
0.054254
0.015949
0.01685
0.00307
0.060523
0.02615
0.01714
0.002436
0.054216
0.028012
0.014199
0.004888
0.039622
0.031536
0.012176
0.006642
0.032026
0.037132
0.009601
0.009081
0.010331
0.052919
0.010598
0.008153
0.017213
0.069464
0.009697
0.00896
0.044728
0.075584
0.010498
0.008207
0.039919
0.067003
0.011236
0.007487
0.036455
0.0633
0.01113
0.007591
0.036019
0.062927
0.011143
0.007579
0.035846
0.062939
0.011078
0.007643
0.036148
0.06355
0.011018
0.007701
0.036966
0.064329
0.01103
0.007687
0.037245
0.064455
0.011136
0.007585
0.037031
0.063999
0.011158
0.007564
0.036712
0.063688
0.011101
0.00762
0.036697
0.063963
0.01106
0.00766
0.036645
0.063991
0.011107
0.007611
0.036539
0.063734
0.011155
0.007567
0.036556
0.063524
0.011167
0.007552
0.036648
0.063592
0.011167
0.007552
0.036648
0.063592
