0.001793
0.002161
0.021369
0.01741
0.001119
0.001835
0.024107
0.021116
0.001097
0.002006
0.024152
0.021014
0.001107
0.002012
0.023995
0.020841
0.0006
0.001311
0.029794
0.028958
0.001596
0.000988
0.032431
0.032844
0.002645
0.000097
0.035201
0.037459
0.003837
0.000065
0.039077
0.042621
0.004537
0.000616
0.042642
0.047392
0.005631
0.001259
0.046855
0.053259
0.006764
0.001651
0.05018
0.058048
0.010885
0.003536
0.055044
0.068154
0.006416
0.004136
0.055559
0.065328
0.00913
0.002683
0.059456
0.07047
0.010437
0.003411
0.061989
0.074949
0.011747
0.003554
0.081422
0.095572
0.020146
0.006061
0.083725
0.107402
0.012221
0.008346
0.079709
0.098962
0.018058
0.006339
0.083159
0.10551
0.013253
0.006254
0.077379
0.095404
0.016491
0.002694
0.086159
0.103742
0.017109
0.003563
0.08995
0.108933
0.019464
0.002553
0.10338
0.123435
0.029941
0.005549
0.106787
0.137522
0.026049
0.003106
0.123544
0.150016
0.025377
0.006073
0.111184
0.140603
0.020259
0.008842
0.095805
0.122901
0.021876
0.003485
0.106112
0.128737
0.026395
0.00186
0.109606
0.134959
0.028644
0.001027
0.115515
0.14209
0.032353
0.001276
0.124476
0.15211
0.036368
0.001541
0.127513
0.158778
0.035905
0.000581
0.124564
0.156684
0.034224
0.002238
0.116712
0.149631
0.03731
0.00367
0.127144
0.156046
0.039218
0.003286
0.124857
0.156423
0.039982
0.001642
0.118346
0.152227
0.042874
0.009331
0.131431
0.158705
0.047019
0.010469
0.130734
0.161131
0.046739
0.007706
0.12001
0.153244
0.036458
0.001503
0.109244
0.138143
0.040582
0.006197
0.113976
0.141105
0.045477
0.011656
0.120048
0.145919
0.049942
0.009591
0.118301
0.144342
0.061594
0.01799
0.122534
0.152367
0.080657
0.025032
0.115258
0.159151
0.060716
0.031406
0.129813
0.148957
0.056883
0.021891
0.104662
0.130423
0.053084
0.013806
0.097196
0.12298
0.063859
0.013522
0.092117
0.116982
0.078778
0.029099
0.096167
0.124509
0.089568
0.02529
0.085295
0.121459
0.108294
0.032324
0.074407
0.120352
0.123495
0.043224
0.061387
0.119557
0.069314
0.053351
0.105745
0.102448
0.084649
0.048761
0.085717
0.102199
0.073798
0.041927
0.092834
0.104175
0.081033
0.037394
0.091516
0.112663
0.079115
0.031766
0.092478
0.110491
0.080784
0.025222
0.09084
0.104774
0.09184
0.048758
0.101788
0.114818
0.087277
0.04509
0.097753
0.113719
0.088118
0.03488
0.077211
0.103021
0.089526
0.032885
0.071476
0.098417
0.076585
0.030282
0.082073
0.097351
0.084142
0.029309
0.084515
0.106048
0.091419
0.031868
0.088361
0.11152
0.098261
0.034637
0.088866
0.115573
0.086394
0.03165
0.091253
0.10898
0.082635
0.026432
0.090111
0.100399
0.102132
0.037011
0.081854
0.101678
0.094117
0.03567
0.088055
0.102746
0.095577
0.032331
0.083202
0.101294
0.10334
0.033683
0.082385
0.103857
0.106054
0.029323
0.081653
0.094691
0.11057
0.046834
0.094398
0.101222
0.108887
0.040887
0.092923
0.104584
0.10994
0.033293
0.087405
0.0957
0.104225
0.039286
0.092507
0.096024
0.110916
0.034671
0.086346
0.102206
0.11729
0.036259
0.088966
0.105685
0.098293
0.02631
0.096598
0.105407
0.096454
0.020176
0.091341
0.098899
0.103913
0.02647
0.087411
0.097277
0.102454
0.024959
0.096334
0.105327
0.09835
0.018726
0.104273
0.114628
0.104156
0.02328
0.11108
0.121822
0.115861
0.027459
0.111345
0.122758
0.121845
0.03162
0.112418
0.120224
0.116904
0.030531
0.113645
0.117086
0.119075
0.026524
0.09725
0.106541
0.103292
0.017219
0.08763
0.088182
0.098736
0.013963
0.091598
0.091857
0.100814
0.011895
0.099643
0.103368
0.107172
0.01636
0.109039
0.11162
0.108503
0.015279
0.114666
0.116246
0.109042
0.012865
0.115333
0.112127
0.123503
0.02538
0.119445
0.112269
0.129643
0.029211
0.117904
0.112222
0.118596
0.019141
0.107051
0.095156
0.107246
0.010556
0.106086
0.097078
0.107026
0.009466
0.108884
0.097392
0.106035
0.006263
0.118335
0.107673
0.111236
0.009251
0.127485
0.114487
0.112475
0.008836
0.132742
0.119472
0.109917
0.005904
0.133621
0.119248
0.112198
0.007232
0.129722
0.114915
0.108726
0.004113
0.121152
0.102974
0.100928
0.0058
0.117645
0.085593
0.111061
0.006377
0.127218
0.097992
0.101929
0.005423
0.138778
0.115841
0.104855
0.002929
0.15302
0.125948
0.105936
0.003858
0.160227
0.133894
0.10784
0.00358
0.158665
0.13119
0.108759
0.003043
0.148009
0.117656
0.103152
0.007356
0.133509
0.099976
0.099982
0.010986
0.124819
0.091016
0.098359
0.013616
0.125933
0.096344
0.093372
0.019342
0.133843
0.109865
0.07948
0.031656
0.159224
0.133983
0.072534
0.038802
0.17693
0.155675
0.064841
0.045762
0.200423
0.175675
0.061162
0.049626
0.203515
0.175817
0.063162
0.050503
0.202522
0.187497
0.064333
0.050297
0.215913
0.198112
0.061141
0.0556
0.223638
0.206096
0.060406
0.060272
0.223949
0.217244
0.065175
0.056196
0.229798
0.220517
0.059897
0.064662
0.212667
0.216502
0.060142
0.066558
0.206269
0.218242
0.062458
0.066227
0.206927
0.222414
0.06426
0.06584
0.215274
0.22724
0.070192
0.060824
0.215952
0.22699
0.068011
0.066192
0.200419
0.222521
0.072827
0.061615
0.200371
0.221183
0.074573
0.059889
0.198996
0.218994
0.077318
0.057292
0.193691
0.213967
0.07765
0.057016
0.193198
0.214099
0.077437
0.057237
0.191159
0.212944
0.077143
0.057512
0.18944
0.211709
0.077469
0.057216
0.188942
0.211435
0.077612
0.057076
0.188609
0.211041
0.077685
0.057007
0.188533
0.210953
0.077769
0.056934
0.188468
0.210905
0.078066
0.056665
0.188471
0.211003
0.07793
0.05679
0.188595
0.211016
0.077811
0.056894
0.188648
0.211021
0.077728
0.056974
0.188727
0.211081
0.07765
0.057048
0.188965
0.211431
0.077577
0.057116
0.189039
0.211496
0.0773
0.057371
0.189272
0.21159
0.077368
0.057314
0.189354
0.211705
0.077466
0.05722
0.189442
0.211776
0.077457
0.057227
0.189445
0.211724
0.077518
0.057171
0.189423
0.211658
0.077655
0.05704
0.189391
0.211632
0.077806
0.056895
0.189142
0.211418
0.077798
0.056903
0.189017
0.211299
0.077802
0.0569
0.188919
0.211217
0.077844
0.056863
0.188764
0.211121
0.077882
0.05683
0.188326
0.210906
0.077801
0.056911
0.188137
0.210751
0.077724
0.056977
0.188017
0.210636
0.07768
0.057026
0.187863
0.210598
0.07768
0.057026
0.187863
0.210598
