0.001842
0.002206
0.020969
0.016919
0.000921
0.001946
0.024406
0.021512
0.000718
0.001922
0.031962
0.030655
0.001293
0.001511
0.039896
0.039506
0.000218
0.000311
0.029511
0.029257
0.00129
0.00087
0.031385
0.031617
0.001587
0.001157
0.031939
0.032174
0.002034
0.00085
0.033483
0.034434
0.002071
0.001315
0.03331
0.033848
0.002595
0.000786
0.035702
0.037249
0.002893
0.000876
0.035682
0.037425
0.003485
0.00007
0.039446
0.042655
0.00402
0.000573
0.038705
0.041806
0.004147
0.000628
0.039472
0.04263
0.004412
0.000029
0.041487
0.045531
0.004692
0.000753
0.040244
0.043792
0.004828
0.000422
0.041413
0.045415
0.0123
0.002171
0.062502
0.072107
0.006172
0.000865
0.04795
0.054455
0.012021
0.00053
0.053793
0.064411
0.013397
0.00199
0.070793
0.081323
0.006861
0.001017
0.050281
0.057544
0.00799
0.000189
0.050972
0.058492
0.008014
0.00005
0.049149
0.056563
0.009067
0.001433
0.055288
0.065058
0.009259
0.001553
0.056227
0.066272
0.009382
0.001352
0.055418
0.065379
0.01017
0.002174
0.063881
0.07533
0.009965
0.000271
0.054209
0.06362
0.019194
0.000645
0.069636
0.088009
0.010638
0.001388
0.067817
0.078881
0.012816
0.002555
0.067242
0.081578
0.013282
0.002753
0.071219
0.086131
0.013596
0.003136
0.069689
0.085298
0.015717
0.003778
0.071333
0.089197
0.01294
0.003884
0.070396
0.085914
0.014555
0.002096
0.07602
0.09131
0.017028
0.002434
0.076985
0.095202
0.013392
0.002814
0.068613
0.083478
0.014153
0.001376
0.064756
0.078966
0.017103
0.00101
0.082995
0.099524
0.017731
0.002562
0.080812
0.099615
0.015313
0.003982
0.074158
0.09204
0.016289
0.002629
0.078595
0.095864
0.017617
0.002057
0.083944
0.101884
0.01885
0.003344
0.081507
0.102042
0.018919
0.002485
0.091544
0.111023
0.018068
0.003562
0.082894
0.102761
0.018503
0.002581
0.087445
0.106558
0.018064
0.002529
0.078997
0.097714
0.0205
0.000924
0.089704
0.108946
0.022524
0.001022
0.096558
0.117864
0.01904
0.003473
0.087261
0.107653
0.019103
0.003911
0.082376
0.103317
0.019671
0.002299
0.084717
0.104488
0.021129
0.001905
0.088415
0.109147
0.022158
0.00154
0.094734
0.115978
0.024173
0.001668
0.098383
0.121708
0.025448
0.001739
0.102153
0.126788
0.02192
0.005039
0.09308
0.117637
0.021779
0.004771
0.089549
0.113631
0.022472
0.002366
0.095293
0.117342
0.026135
0.000778
0.100929
0.124857
0.022537
0.003398
0.095414
0.11854
0.02654
0.000086
0.104852
0.1281
0.028486
0.000689
0.106082
0.132036
0.029769
0.000779
0.107979
0.135243
0.030876
0.001336
0.106929
0.13593
0.02592
0.004154
0.101313
0.128023
0.028178
0.001791
0.105196
0.131425
0.028315
0.002806
0.102906
0.130412
0.028356
0.003183
0.100924
0.128861
0.028451
0.00237
0.102251
0.129221
0.030867
0.000477
0.108246
0.134376
0.033044
0.002499
0.114284
0.14024
0.026432
0.003964
0.107505
0.13364
0.026397
0.004829
0.096507
0.123456
0.02897
0.001183
0.099983
0.125691
0.031264
0.001124
0.105301
0.13071
0.032118
0.000532
0.105859
0.13282
0.026964
0.004335
0.099454
0.126292
0.03271
0.001491
0.10655
0.132639
0.02758
0.003568
0.103648
0.130016
0.033117
0.000489
0.107542
0.134898
0.031622
0.000786
0.106493
0.133868
0.033845
0.001278
0.109733
0.136726
0.030688
0.00188
0.106481
0.133926
0.033511
0.00003
0.108265
0.136083
0.035837
0.002757
0.112466
0.139521
0.039323
0.006502
0.118255
0.144479
0.037962
0.004089
0.113545
0.141475
0.037746
0.001071
0.106177
0.136894
0.037558
0.002947
0.110005
0.137807
0.040252
0.001899
0.109346
0.137216
0.047796
0.013402
0.120492
0.146495
0.031374
0.00082
0.118034
0.143654
0.037188
0.003288
0.113098
0.143433
0.044991
0.002977
0.115024
0.14828
0.044784
0.005645
0.116269
0.147447
0.03596
0.000679
0.108729
0.138134
0.037093
0.000479
0.109313
0.138721
0.039672
0.002095
0.111764
0.140814
0.036664
0.000188
0.111656
0.140767
0.04292
0.004355
0.114808
0.144036
0.041099
0.003293
0.113964
0.143186
0.044323
0.005351
0.114546
0.143899
0.045482
0.005849
0.112473
0.14286
0.03791
0.002101
0.106515
0.13774
0.043045
0.003264
0.111271
0.140926
0.045918
0.007189
0.11527
0.143302
0.053514
0.014277
0.119745
0.146805
0.040334
0.003296
0.118357
0.144931
0.038975
0.002583
0.111247
0.142387
0.047056
0.004493
0.115518
0.146074
0.050484
0.007013
0.114788
0.146788
0.0521
0.00508
0.113746
0.142986
0.057289
0.015547
0.12007
0.147905
0.04716
0.010002
0.120053
0.144845
0.054886
0.00917
0.111223
0.143571
0.060102
0.014757
0.1135
0.14411
0.052773
0.008535
0.107281
0.138104
0.055912
0.010271
0.104779
0.135398
0.050849
0.008811
0.107428
0.134736
0.059026
0.012498
0.108594
0.138712
0.062024
0.016357
0.111777
0.14002
0.065612
0.016912
0.10751
0.138416
0.066845
0.01767
0.101966
0.132422
0.065515
0.016328
0.094435
0.124924
0.06374
0.015836
0.095384
0.123276
0.059896
0.014641
0.099572
0.124451
0.061946
0.014062
0.103151
0.130044
0.067658
0.016936
0.104827
0.133369
0.073138
0.021536
0.105643
0.132948
0.078016
0.024106
0.100148
0.130333
0.079728
0.023638
0.097875
0.127699
0.064994
0.016596
0.100403
0.123089
0.069598
0.015838
0.10097
0.127627
0.078039
0.020671
0.102898
0.1315
0.085878
0.026202
0.102623
0.130345
0.085831
0.026851
0.099547
0.127152
0.082005
0.023307
0.08977
0.116721
0.084255
0.02318
0.088072
0.115124
0.074198
0.019043
0.096213
0.11721
0.079392
0.018782
0.096235
0.120925
0.086845
0.022462
0.098621
0.125417
0.099056
0.030299
0.097975
0.12443
0.094416
0.032011
0.100026
0.119789
0.087949
0.024093
0.093596
0.114526
0.089939
0.023025
0.087331
0.109625
0.091063
0.0236
0.088559
0.110849
0.092726
0.024258
0.091839
0.112556
0.092472
0.024472
0.095672
0.114909
0.095697
0.02428
0.096284
0.117134
0.101322
0.02585
0.095638
0.118501
0.099994
0.026253
0.093565
0.113621
0.097585
0.024544
0.08879
0.10562
0.097377
0.023697
0.088777
0.104714
0.097323
0.023455
0.092816
0.106576
0.089155
0.016836
0.108852
0.12515
0.07786
0.005012
0.131841
0.152081
0.087163
0.00567
0.135674
0.158777
0.09066
0.009988
0.135744
0.156746
0.093531
0.011097
0.127995
0.148994
0.088654
0.00893
0.118314
0.136038
0.090202
0.01041
0.112181
0.127426
0.094723
0.012813
0.115184
0.128692
0.099874
0.01599
0.117956
0.130633
0.105136
0.019492
0.118297
0.130194
0.099029
0.012833
0.113697
0.125143
0.108648
0.021845
0.11312
0.11767
0.114282
0.024186
0.115001
0.120026
0.120615
0.027203
0.113459
0.117309
0.125463
0.028283
0.103281
0.107784
0.110793
0.019017
0.09214
0.087335
0.107823
0.018117
0.091759
0.084529
0.100901
0.008462
0.099511
0.090544
0.11176
0.01571
0.106989
0.103327
0.106068
0.010166
0.115956
0.10876
0.116496
0.018413
0.12169
0.114704
0.118101
0.018076
0.124898
0.11646
0.123684
0.019411
0.121382
0.113577
0.122267
0.0187
0.113841
0.100249
0.109938
0.007103
0.102014
0.08504
0.10466
0.005727
0.109787
0.089613
0.106569
0.004544
0.117742
0.101467
0.109803
0.005692
0.124236
0.104882
0.108788
0.00351
0.131003
0.111697
0.113779
0.006395
0.136511
0.112361
0.115358
0.005808
0.138535
0.114561
0.112316
0.003093
0.138646
0.112282
0.105134
0.003841
0.136409
0.109422
0.10431
0.002904
0.137676
0.105335
0.105413
0.005041
0.136919
0.107913
0.105431
0.004312
0.14329
0.109649
0.104891
0.007525
0.141322
0.110602
0.105959
0.00656
0.141502
0.109051
0.100966
0.013138
0.137443
0.108567
0.096873
0.019077
0.136279
0.118602
0.086042
0.028557
0.153336
0.13718
0.080033
0.035998
0.151458
0.147385
0.079281
0.03918
0.154046
0.159532
0.074288
0.048357
0.154433
0.171659
0.072936
0.052542
0.173394
0.189824
0.069941
0.060545
0.190715
0.21018
0.070736
0.062271
0.209209
0.2256
0.0695
0.064677
0.206246
0.224948
0.073145
0.061277
0.204105
0.223235
0.076911
0.057716
0.197296
0.216872
0.077262
0.057388
0.193562
0.214298
0.077012
0.057625
0.190374
0.212466
0.077129
0.057527
0.18979
0.212013
0.077428
0.057254
0.189546
0.211876
0.077593
0.057096
0.189048
0.211323
0.078043
0.056679
0.188501
0.211013
0.077939
0.056777
0.188332
0.210836
0.077734
0.056965
0.188372
0.210839
0.077644
0.057055
0.18855
0.211134
0.077367
0.057312
0.188886
0.211348
0.077391
0.057287
0.189283
0.211643
0.07756
0.057127
0.189586
0.211811
0.077687
0.057008
0.189626
0.211763
0.077837
0.056868
0.189412
0.211635
0.077784
0.056917
0.189215
0.211437
0.077809
0.056899
0.188672
0.211142
0.077655
0.057046
0.188137
0.210754
0.077564
0.057129
0.187866
0.210559
0.077631
0.057063
0.187911
0.210645
0.077705
0.056994
0.188188
0.210787
0.077718
0.056986
0.18841
0.210879
0.077881
0.056834
0.18863
0.211113
0.077726
0.056986
0.188586
0.211083
0.077649
0.057052
0.188615
0.211125
0.077516
0.057172
0.188668
0.21116
0.077516
0.057172
0.188668
0.21116
