0.002928
0.003427
0.034322
0.027952
0.001602
0.002918
0.039349
0.034791
0.001644
0.003067
0.039453
0.034706
0.001402
0.001409
0.046979
0.046834
0.005654
0.001984
0.056852
0.060246
0.005027
0.000177
0.054632
0.059209
0.008942
0.001723
0.062474
0.072783
0.012273
0.004083
0.071498
0.087375
0.013121
0.003983
0.075256
0.091815
0.013734
0.002038
0.074445
0.089676
0.015614
0.004071
0.085728
0.104708
0.015644
0.003018
0.07778
0.095772
0.01891
0.004225
0.09853
0.120758
0.022528
0.005984
0.106836
0.134261
0.022666
0.007369
0.100846
0.129764
0.022046
0.005906
0.096192
0.123097
0.026544
0.005965
0.112991
0.144165
0.030217
0.007221
0.126215
0.162043
0.035034
0.008046
0.136149
0.177382
0.036275
0.009584
0.136553
0.180532
0.034587
0.009762
0.144773
0.186945
0.038615
0.010224
0.141681
0.188251
0.038391
0.008892
0.153696
0.198417
0.04741
0.007399
0.165232
0.21694
0.051927
0.006375
0.174995
0.229785
0.051867
0.010613
0.163336
0.222661
0.041568
0.016045
0.145875
0.200553
0.048101
0.008791
0.159365
0.212597
0.056475
0.005298
0.168078
0.225464
0.062687
0.00097
0.179175
0.238017
0.068024
0.002181
0.189049
0.249301
0.071233
0.002316
0.192215
0.255114
0.07867
0.005665
0.198054
0.264156
0.069397
0.000278
0.188146
0.251741
0.079819
0.011884
0.176484
0.249647
0.104007
0.029951
0.210943
0.275702
0.080946
0.024697
0.208013
0.256678
0.085706
0.00893
0.168184
0.237241
0.082832
0.008157
0.17024
0.235552
0.090236
0.014873
0.176825
0.241701
0.09156
0.01375
0.171796
0.239775
0.090109
0.01317
0.172321
0.238319
0.096402
0.018754
0.176961
0.242439
0.102348
0.023735
0.179752
0.245307
0.088932
0.017391
0.180944
0.241843
0.101914
0.01896
0.175408
0.24437
0.105457
0.02055
0.1727
0.242894
0.111013
0.026453
0.175377
0.244013
0.112866
0.023041
0.171811
0.239388
0.131908
0.02404
0.163375
0.233925
0.154594
0.055048
0.17321
0.250265
0.137221
0.060621
0.179517
0.236434
0.124
0.044738
0.150185
0.21237
0.11224
0.033036
0.136682
0.197563
0.122798
0.03528
0.135046
0.200811
0.125134
0.039248
0.141739
0.204164
0.121294
0.038277
0.149228
0.209589
0.122136
0.034312
0.149196
0.213694
0.142564
0.038467
0.141831
0.217759
0.131946
0.039473
0.150065
0.21635
0.141955
0.041313
0.145018
0.216079
0.14522
0.042804
0.145938
0.21608
0.168038
0.052746
0.142055
0.219565
0.168445
0.056637
0.148119
0.220383
0.194517
0.068813
0.14431
0.22469
0.178694
0.070253
0.153834
0.219379
0.183463
0.061211
0.131083
0.206621
0.180414
0.05529
0.116971
0.19301
0.185273
0.05616
0.108782
0.18492
0.168346
0.052802
0.118667
0.183033
0.17637
0.048834
0.113811
0.186089
0.19222
0.053889
0.113913
0.189
0.202049
0.062627
0.1185
0.189008
0.212
0.064813
0.116732
0.19054
0.22258
0.06689
0.114258
0.188986
0.249877
0.079377
0.110561
0.186109
0.238036
0.085381
0.119012
0.177596
0.246888
0.08185
0.110044
0.173511
0.255637
0.069067
0.102603
0.156426
0.259894
0.094424
0.108443
0.158259
0.266947
0.089375
0.110894
0.161633
0.256017
0.075246
0.112274
0.16592
0.261968
0.073836
0.108394
0.16656
0.284358
0.078244
0.097961
0.152731
0.284786
0.070815
0.096296
0.136221
0.29663
0.064627
0.091196
0.121085
0.329906
0.101141
0.099316
0.117649
0.349388
0.109763
0.099424
0.111434
0.357688
0.107377
0.087183
0.089964
0.347994
0.099101
0.067266
0.051817
0.350074
0.091615
0.050023
0.011864
0.302212
0.065981
0.063273
0.025397
0.292074
0.050974
0.09229
0.080122
0.277738
0.032014
0.150662
0.156427
0.268679
0.018091
0.170279
0.180599
0.213201
0.022216
0.24942
0.253245
0.180142
0.055158
0.315616
0.301206
0.150191
0.072236
0.302131
0.269821
0.162912
0.067715
0.307501
0.280248
0.159043
0.06842
0.307457
0.270919
0.164312
0.072246
0.293842
0.261287
0.173193
0.069948
0.285347
0.249754
0.170329
0.07221
0.284389
0.246495
0.168606
0.078676
0.27708
0.241093
0.174874
0.084963
0.268118
0.238004
0.180179
0.096501
0.258255
0.238642
0.185796
0.106631
0.255632
0.244722
0.191869
0.115895
0.261364
0.255339
0.204046
0.149936
0.254456
0.268079
0.216234
0.169329
0.270848
0.286107
0.230305
0.18194
0.302085
0.31042
0.253297
0.208441
0.32553
0.335973
0.267435
0.226969
0.31536
0.340116
0.278206
0.225607
0.319093
0.346231
0.284257
0.218836
0.31892
0.346251
0.292117
0.209622
0.311242
0.341291
0.295469
0.206175
0.308253
0.33983
0.306692
0.194684
0.297274
0.334717
0.307316
0.193636
0.29346
0.331545
0.307727
0.193454
0.28654
0.327751
0.306806
0.194183
0.282215
0.324513
0.30742
0.193495
0.28128
0.323882
0.308349
0.192588
0.280568
0.323594
0.308845
0.192092
0.280242
0.323435
0.30912
0.191753
0.27991
0.323147
0.309429
0.191393
0.279426
0.322809
0.309695
0.191131
0.278875
0.322526
0.309504
0.191313
0.278404
0.322144
0.309393
0.191459
0.278276
0.322097
0.30917
0.191695
0.278353
0.322125
0.309035
0.191855
0.278642
0.322327
0.308924
0.191967
0.279175
0.322672
0.308846
0.192053
0.279751
0.323051
0.308832
0.192077
0.279928
0.323173
0.308776
0.192135
0.280423
0.323502
0.308689
0.19222
0.280748
0.323714
0.308574
0.19235
0.280861
0.323776
0.308574
0.19235
0.280861
0.323776
