0.003068
0.003802
0.035034
0.028158
0.000331
0.00334
0.041879
0.038146
0.000085
0.002688
0.043606
0.04076
0.001174
0.002306
0.046114
0.044874
0.001714
0.002113
0.046921
0.046394
0.002795
0.001446
0.049404
0.050589
0.002852
0.002109
0.049166
0.049751
0.002847
0.002039
0.049354
0.050004
0.003203
0.001169
0.050287
0.052085
0.003774
0.001155
0.051861
0.054285
0.00435
0.001271
0.052669
0.05554
0.005223
0.000658
0.05492
0.059245
0.005697
0.000845
0.055618
0.060218
0.006102
0.000788
0.056585
0.061634
0.006833
0.000183
0.058668
0.065023
0.007351
0.000352
0.059338
0.066027
0.007382
0.000881
0.058871
0.065067
0.007367
0.000863
0.058827
0.065027
0.007369
0.000745
0.060022
0.067719
0.008185
0.000647
0.062153
0.070628
0.008533
0.000612
0.061086
0.068662
0.009465
0.000443
0.063856
0.073383
0.009651
0.000371
0.064411
0.074042
0.009954
0.0004
0.064716
0.074669
0.010144
0.000512
0.065115
0.075356
0.010939
0.001026
0.067332
0.078847
0.011489
0.001381
0.068894
0.081285
0.01233
0.001484
0.070761
0.08407
0.011666
0.001497
0.069813
0.082466
0.013932
0.002016
0.075919
0.091297
0.014559
0.003283
0.078334
0.095538
0.014353
0.000867
0.073058
0.087691
0.014646
0.001247
0.075075
0.090358
0.016688
0.002974
0.086476
0.105394
0.017076
0.0037
0.081367
0.101399
0.016954
0.002541
0.081671
0.100421
0.01748
0.002286
0.08179
0.100804
0.018269
0.00316
0.088226
0.10882
0.018357
0.001668
0.081333
0.100584
0.019115
0.0019
0.084397
0.104587
0.021305
0.003418
0.093247
0.117028
0.020066
0.002381
0.086366
0.107958
0.022168
0.003587
0.098012
0.122714
0.022999
0.004156
0.093236
0.119367
0.022982
0.00463
0.09901
0.125497
0.024171
0.004705
0.095741
0.123544
0.024315
0.005383
0.105336
0.133779
0.025893
0.005164
0.10047
0.130337
0.025799
0.005291
0.103751
0.133567
0.025204
0.003789
0.095855
0.12366
0.025621
0.003975
0.099825
0.128142
0.026599
0.004379
0.101942
0.131598
0.026993
0.004853
0.100801
0.131349
0.028874
0.00607
0.118489
0.151798
0.029177
0.005233
0.109472
0.142395
0.027231
0.004669
0.098978
0.129422
0.029289
0.004555
0.105107
0.137397
0.028849
0.004571
0.10379
0.13568
0.028925
0.004713
0.10457
0.136653
0.030233
0.005231
0.110271
0.144065
0.031157
0.005613
0.109103
0.144241
0.032818
0.006119
0.118893
0.15597
0.031519
0.005604
0.113909
0.149291
0.032889
0.005545
0.115646
0.152214
0.032983
0.006435
0.112947
0.150525
0.032028
0.00666
0.111557
0.148429
0.033052
0.006221
0.116918
0.154226
0.034671
0.006121
0.119683
0.15843
0.034902
0.006408
0.122006
0.16119
0.036295
0.00652
0.125222
0.165816
0.037363
0.006676
0.128429
0.170146
0.037651
0.008057
0.124364
0.167811
0.03383
0.00789
0.115841
0.155354
0.036458
0.005514
0.120217
0.159877
0.037154
0.005811
0.121872
0.162467
0.037836
0.006132
0.123217
0.164768
0.039321
0.00723
0.122872
0.166534
0.040231
0.006469
0.133007
0.176957
0.04037
0.007477
0.129967
0.175183
0.039198
0.007597
0.131209
0.17527
0.044355
0.009123
0.130357
0.179963
0.043548
0.006931
0.138771
0.186094
0.04674
0.005992
0.145078
0.194494
0.044111
0.008101
0.140847
0.189929
0.051137
0.011577
0.13781
0.19516
0.04869
0.007471
0.148811
0.201121
0.051196
0.008733
0.148568
0.203536
0.06143
0.007829
0.151245
0.214563
0.062034
0.002345
0.164117
0.224326
0.052038
0.006886
0.160233
0.214895
0.058143
0.011253
0.155118
0.216544
0.055297
0.005424
0.166395
0.221975
0.056891
0.006592
0.163781
0.222402
0.061983
0.009773
0.159872
0.223872
0.066967
0.005465
0.164484
0.230806
0.058579
0.005556
0.17176
0.229711
0.064371
0.002468
0.175042
0.235758
0.067736
0.004978
0.172401
0.236447
0.064169
0.003293
0.177189
0.237952
0.060809
0.006748
0.168129
0.229788
0.070551
0.010165
0.161859
0.23158
0.082434
0.002577
0.165615
0.240633
0.08675
0.000534
0.172048
0.248461
0.072468
0.002374
0.179077
0.24077
0.074671
0.001247
0.171624
0.237237
0.074972
0.000096
0.168207
0.234995
0.07335
0.00132
0.164053
0.230677
0.07354
0.000086
0.166571
0.23129
0.075392
0.001525
0.165089
0.230153
0.077913
0.003967
0.170864
0.235325
0.079751
0.005932
0.172819
0.236965
0.083507
0.008204
0.174132
0.239198
0.087955
0.01142
0.176349
0.241999
0.090548
0.013217
0.176821
0.243007
0.092781
0.013593
0.174404
0.242154
0.077314
0.003224
0.169327
0.233366
0.077867
0.00008
0.166652
0.230772
0.085338
0.00506
0.166899
0.23506
0.085531
0.006726
0.168617
0.235414
0.086149
0.006823
0.168133
0.235189
0.086766
0.007332
0.168351
0.235262
0.088046
0.008189
0.169122
0.235901
0.096138
0.014009
0.172131
0.239782
0.097512
0.014659
0.16975
0.238694
0.095781
0.011261
0.164202
0.234783
0.093697
0.009878
0.161986
0.231529
0.090279
0.007527
0.160375
0.228954
0.094743
0.010573
0.162102
0.230378
0.09828
0.014417
0.165144
0.232609
0.099823
0.014124
0.164415
0.233784
0.100009
0.01287
0.16296
0.233066
0.102311
0.015416
0.165715
0.23507
0.103013
0.015641
0.165219
0.234512
0.104114
0.014671
0.163332
0.234782
0.110628
0.018506
0.163598
0.235673
0.106743
0.017358
0.16279
0.233317
0.110836
0.018027
0.159902
0.232329
0.112862
0.019799
0.160737
0.23196
0.106286
0.018133
0.164354
0.232143
0.101134
0.011314
0.161741
0.231274
0.119088
0.016686
0.157834
0.235903
0.117775
0.019536
0.161752
0.235939
0.105986
0.012333
0.161628
0.233067
0.105062
0.009373
0.158843
0.231362
0.108971
0.006602
0.156726
0.228042
0.119335
0.017378
0.159862
0.235494
0.116508
0.018547
0.164117
0.236119
0.112785
0.013655
0.162485
0.235743
0.113395
0.012396
0.162473
0.237084
0.124313
0.015366
0.159023
0.23891
0.126427
0.018972
0.160913
0.238634
0.119738
0.016319
0.162556
0.237151
0.117979
0.012697
0.163084
0.232179
0.125139
0.010991
0.16053
0.228341
0.149517
0.030851
0.159869
0.242287
0.151042
0.037898
0.162596
0.238256
0.127541
0.027721
0.166191
0.232982
0.123693
0.019508
0.158386
0.229493
0.129741
0.017457
0.156089
0.232458
0.139852
0.021124
0.155733
0.235334
0.15472
0.028276
0.154074
0.237301
0.141671
0.027086
0.159145
0.233884
0.120659
0.01406
0.160008
0.228305
0.136019
0.012854
0.153002
0.233598
0.134938
0.012354
0.154864
0.232141
0.149681
0.020498
0.154209
0.236874
0.152298
0.024547
0.157834
0.237595
0.16527
0.029585
0.153922
0.237319
0.172297
0.034696
0.152137
0.234484
0.157473
0.032886
0.154813
0.227952
0.153747
0.028536
0.152684
0.220021
0.172126
0.030758
0.137103
0.216805
0.18154
0.035805
0.134001
0.214291
0.190811
0.048337
0.140576
0.215193
0.179151
0.048562
0.147667
0.212989
0.19002
0.047185
0.140422
0.212867
0.182973
0.040481
0.139633
0.211906
0.178604
0.036667
0.137926
0.210044
0.187877
0.035498
0.128503
0.205242
0.186909
0.039427
0.1339
0.203984
0.181948
0.037288
0.140583
0.207765
0.187781
0.035005
0.138712
0.210424
0.17843
0.031524
0.147436
0.214652
0.190591
0.030709
0.143097
0.2173
0.203625
0.037539
0.14436
0.21788
0.197384
0.037583
0.14657
0.214904
0.195185
0.034127
0.140214
0.209297
0.208495
0.035966
0.132168
0.203093
0.186001
0.035397
0.14563
0.201888
0.201892
0.029162
0.13434
0.201627
0.199677
0.033057
0.142563
0.203255
0.20778
0.032498
0.14417
0.208111
0.21424
0.033659
0.146572
0.21155
0.215797
0.028775
0.144989
0.206194
0.225121
0.024705
0.140693
0.196857
0.24249
0.023375
0.137199
0.189479
0.257941
0.028083
0.135195
0.188947
0.277172
0.036067
0.136144
0.1874
0.299526
0.037037
0.134383
0.176512
0.324549
0.057345
0.137889
0.18369
0.351271
0.081739
0.141737
0.18564
0.345909
0.08372
0.14975
0.172161
0.324099
0.090176
0.150667
0.159795
0.324391
0.076397
0.136794
0.144282
0.322682
0.080001
0.102219
0.112557
0.290516
0.055945
0.060869
0.057504
0.27715
0.05114
0.077547
0.070696
0.25738
0.026294
0.094667
0.098212
0.240375
0.018703
0.124945
0.131555
0.240277
0.016174
0.139752
0.147587
0.251748
0.016216
0.141628
0.149351
0.250404
0.01175
0.145213
0.149076
0.240587
0.003594
0.156071
0.156419
0.249191
0.004481
0.16219
0.167284
0.246164
0.001944
0.169755
0.16862
0.244437
0.001475
0.178502
0.176955
0.255854
0.005708
0.175745
0.175321
0.253181
0.004159
0.181029
0.171068
0.238761
0.017788
0.184463
0.172492
0.23099
0.025899
0.192916
0.183674
0.214484
0.036959
0.216755
0.20151
0.204062
0.055209
0.234219
0.217886
0.190464
0.066628
0.264534
0.237783
0.178607
0.084325
0.287483
0.255486
0.169992
0.102167
0.28601
0.253065
0.174829
0.132663
0.264757
0.254048
0.183185
0.132218
0.278074
0.267432
0.188444
0.135848
0.295634
0.280609
0.195879
0.152061
0.307998
0.294351
0.20394
0.160337
0.330258
0.310965
0.207271
0.167769
0.329913
0.313645
0.214841
0.183664
0.32306
0.316802
0.225681
0.199512
0.319224
0.322693
0.236938
0.210093
0.322944
0.331096
0.257506
0.236938
0.320822
0.342449
0.263113
0.231472
0.332815
0.348974
0.271613
0.234496
0.333662
0.353008
0.27233
0.229882
0.334543
0.352539
0.280886
0.221179
0.3269
0.349294
0.292726
0.20976
0.316853
0.345522
0.30406
0.197447
0.302489
0.337538
0.308346
0.192488
0.2886
0.328712
0.308591
0.192326
0.280106
0.323311
0.308554
0.192361
0.280025
0.323217
0.308585
0.192318
0.279943
0.323146
0.308742
0.192167
0.279861
0.323142
0.308863
0.192043
0.279741
0.323073
0.308881
0.192012
0.27968
0.323019
0.308899
0.191995
0.279627
0.32297
0.308987
0.191885
0.279457
0.322836
0.309164
0.191711
0.279298
0.32278
0.309271
0.191604
0.279139
0.322689
0.309271
0.191581
0.279083
0.322636
0.309268
0.191573
0.278929
0.322497
0.309315
0.191521
0.278826
0.322442
0.309315
0.191521
0.278826
0.322442
