0.00005
0.000064
0.000675
0.000573
0.000024
0.000053
0.00088
0.000822
0.000016
0.000048
0.001258
0.001055
0.000031
0.000062
0.000962
0.00076
0.000032
0.000065
0.000957
0.000753
0.000058
0.000048
0.001154
0.000934
0.000074
0.000055
0.001109
0.000874
0.00007
0.000063
0.001049
0.000808
0.000097
0.000025
0.001282
0.001044
0.0001
0.000063
0.00113
0.000859
0.000142
0.000022
0.001448
0.001206
0.000149
0.000031
0.001386
0.001091
0.000192
0.000022
0.001427
0.001167
0.000204
0.000025
0.001545
0.001254
0.000202
0.000048
0.001497
0.001153
0.000186
0.000051
0.001362
0.000997
0.000227
0.000015
0.001565
0.001274
0.000222
0.00001
0.001459
0.001129
0.000213
0.000049
0.001432
0.001032
0.000215
0.000048
0.001447
0.001046
0.000223
0.00003
0.001536
0.001153
0.000239
0.00003
0.001587
0.001203
0.000249
0.000033
0.001626
0.001231
0.000243
7.224e-6
0.001665
0.001273
0.000267
0.000031
0.00165
0.001229
0.000277
0.000025
0.001711
0.001297
0.000256
0.000025
0.001636
0.001187
0.000328
0.000056
0.001977
0.001659
0.000281
0.000036
0.001574
0.001072
0.000305
3.041e-6
0.001911
0.001467
0.000293
0.000035
0.001683
0.001172
0.000323
4.9684e-6
0.001971
0.001527
0.000323
0.000023
0.0019
0.001384
0.000328
8.5393e-7
0.001838
0.001342
0.000355
5.8844e-6
0.002093
0.001618
0.000384
0.000067
0.002136
0.001324
0.000359
9.7104e-6
0.002177
0.001601
0.000349
7.6464e-6
0.002032
0.001482
0.000347
0.000019
0.001942
0.001373
0.000345
0.000026
0.001885
0.001303
0.000384
0.000072
0.001846
0.000944
0.000364
4.6617e-6
0.002248
0.001682
0.000376
0.000013
0.002125
0.001558
0.000395
0.000018
0.002221
0.001704
0.000587
0.000038
0.003359
0.002596
0.000423
7.1905e-6
0.002452
0.001807
0.000421
0.000033
0.002353
0.001791
0.000461
0.00005
0.002505
0.001996
0.000417
5.9748e-6
0.002133
0.001445
0.000413
8.1284e-6
0.002162
0.001469
0.000497
0.000051
0.002443
0.001476
0.000434
0.000024
0.002402
0.001725
0.000424
5.282e-6
0.002197
0.00149
0.000423
6.0e-6
0.002199
0.001491
0.000454
0.000077
0.002553
0.002001
0.000468
2.4351e-6
0.002489
0.001804
0.000443
1.6941e-6
0.002269
0.001529
0.000442
4.2618e-7
0.002271
0.001532
0.00046
0.000049
0.002564
0.001902
0.000514
0.000191
0.002293
0.001777
0.000467
8.0435e-6
0.002315
0.001539
0.00047
4.0233e-6
0.002383
0.001596
0.000535
0.000096
0.002502
0.00136
0.00047
0.00003
0.002537
0.001772
0.000471
6.8647e-6
0.002386
0.001591
0.000548
0.000398
0.002806
0.00262
0.00049
0.000016
0.002345
0.001452
0.000512
0.000016
0.002581
0.001714
0.000516
0.000086
0.002829
0.002074
0.000513
0.000021
0.002562
0.001675
0.000534
0.000119
0.002987
0.0023
0.000561
0.000045
0.002868
0.002058
0.000559
0.000083
0.002915
0.002148
0.000545
0.000029
0.002713
0.001799
0.000555
0.000136
0.003052
0.002327
0.000576
0.000074
0.003169
0.00232
0.000562
0.000038
0.002825
0.00187
0.000562
0.000035
0.002837
0.001878
0.000567
0.000072
0.002936
0.002044
0.000564
0.000033
0.002824
0.00185
0.000583
0.000154
0.003104
0.002373
0.000801
0.000121
0.004361
0.002996
0.000909
0.000075
0.005579
0.004586
0.000654
0.000056
0.003543
0.00265
0.000614
0.000099
0.003217
0.002307
0.000795
0.000155
0.003996
0.002305
0.001
0.000139
0.005168
0.004117
0.000645
0.000289
0.00358
0.002924
0.000831
0.000223
0.005525
0.003942
0.001206
0.000071
0.007552
0.005252
0.001576
0.000015
0.00973
0.006746
0.000702
0.000192
0.004316
0.003295
0.00078
0.00033
0.004193
0.002024
0.001502
0.000036
0.007177
0.004217
0.000738
0.000166
0.004355
0.003418
0.000699
0.000085
0.003684
0.002413
0.000995
0.000179
0.004852
0.002497
0.001161
0.000213
0.006477
0.005152
0.001584
0.000207
0.008501
0.006632
0.000732
0.000114
0.003967
0.002734
0.000727
0.000101
0.0038
0.002481
0.000737
0.000189
0.003806
0.002722
0.000726
0.000099
0.003775
0.002437
0.001763
0.000322
0.008981
0.006009
0.001232
0.00003
0.006919
0.005563
0.000737
0.000402
0.003826
0.003195
0.000744
0.000141
0.004138
0.002718
0.000763
0.000177
0.003986
0.002752
0.000766
0.000115
0.00406
0.002644
0.001049
0.000016
0.005423
0.003467
0.000785
0.00015
0.004353
0.003057
0.000768
0.000145
0.004143
0.002737
0.000766
0.000275
0.004145
0.003051
0.000781
0.000158
0.004343
0.002964
0.000899
0.00012
0.004858
0.002996
0.001177
0.000157
0.006691
0.004838
0.000839
0.000126
0.004561
0.003173
0.001059
0.000049
0.005802
0.003606
0.000806
0.000355
0.004549
0.003642
0.000822
0.000133
0.004389
0.002809
0.000818
0.000179
0.004454
0.002961
0.001662
0.000196
0.008451
0.004845
0.00158
0.000481
0.010705
0.008382
0.000823
0.000211
0.004772
0.003286
0.000828
0.000214
0.004673
0.003087
0.000825
0.000291
0.004675
0.003242
0.00087
0.000198
0.004952
0.003452
0.00117
0.00002
0.006445
0.004197
0.000854
0.000258
0.004987
0.003499
0.00087
0.000201
0.005068
0.00346
0.000851
0.000274
0.004831
0.00328
0.000856
0.000302
0.004957
0.003434
0.000856
0.000292
0.005057
0.003452
0.001198
0.000021
0.006722
0.00432
0.000971
0.000176
0.005755
0.003911
0.000891
0.000239
0.005249
0.003578
0.001193
0.000022
0.006704
0.004204
0.00144
0.000093
0.008546
0.004721
0.000897
0.000256
0.005372
0.003714
0.000899
0.000249
0.005279
0.003469
0.001253
0.000065
0.007027
0.004514
0.001536
0.000054
0.009559
0.004303
0.000957
0.000301
0.005147
0.003503
0.000913
0.000309
0.005441
0.003813
0.000923
0.000257
0.005648
0.003903
0.000918
0.000249
0.005548
0.003716
0.001922
0.000584
0.010151
0.005907
0.000956
0.000211
0.005405
0.003441
0.000941
0.000238
0.005609
0.00366
0.001586
0.000274
0.008605
0.004948
0.000919
0.000347
0.00564
0.003804
0.000954
0.000285
0.005894
0.004004
0.001218
0.000199
0.007348
0.00341
0.00187
0.000415
0.009811
0.004646
0.000885
0.000373
0.005531
0.003598
0.000955
0.000303
0.005709
0.003785
0.000996
0.00024
0.006529
0.00425
0.000984
0.00027
0.006007
0.003823
0.000987
0.000275
0.00613
0.00399
0.00097
0.000271
0.006335
0.003994
0.000977
0.000291
0.00622
0.003993
0.000991
0.000292
0.006242
0.004029
0.000987
0.000295
0.006229
0.003981
0.000958
0.000322
0.006145
0.003742
0.000988
0.000311
0.006345
0.004016
0.001002
0.000306
0.006421
0.00412
0.001591
0.000185
0.008981
0.004187
0.000876
0.000467
0.005821
0.003643
0.001016
0.000332
0.006538
0.004176
0.000983
0.000324
0.006483
0.003824
0.000988
0.000337
0.006631
0.004054
0.001026
0.000331
0.006893
0.004368
0.001415
0.000054
0.007815
0.004525
0.001429
0.000134
0.009012
0.004859
0.000994
0.000371
0.00643
0.003882
0.001415
0.000046
0.008258
0.004728
0.001368
0.000018
0.009179
0.005121
0.001702
0.000352
0.011553
0.005243
0.000996
0.000408
0.006592
0.003921
0.002605
0.001355
0.013841
0.006455
0.001114
0.000305
0.006397
0.003579
0.001083
0.000346
0.007687
0.004799
0.001012
0.00041
0.007329
0.004511
0.001071
0.000368
0.007724
0.004726
0.002625
0.001188
0.011006
0.002461
0.001186
0.00026
0.006631
0.00375
0.001045
0.00044
0.007148
0.004406
0.001177
0.000203
0.009503
0.005689
0.001109
0.000398
0.007626
0.004754
0.001106
0.000408
0.007894
0.005035
0.001274
0.000227
0.008534
0.004924
0.001712
0.00027
0.010562
0.004877
0.002096
0.000799
0.013134
0.005815
0.001154
0.000355
0.007198
0.004179
0.00115
0.000337
0.008821
0.005425
0.001089
0.000414
0.007992
0.004879
0.001132
0.000417
0.008118
0.005043
0.001114
0.000441
0.008062
0.005086
0.001775
0.000299
0.010665
0.004683
0.00255
0.001247
0.014824
0.004875
0.001098
0.000457
0.007424
0.004257
0.001138
0.000429
0.007818
0.004802
0.0016
0.000089
0.009971
0.004667
0.002278
0.000909
0.013402
0.004965
0.001328
0.000021
0.012568
0.006856
0.001356
0.000069
0.012109
0.005866
0.001506
0.00003
0.01031
0.006311
0.001147
0.000468
0.008541
0.005327
0.001842
0.000334
0.011066
0.005275
0.001127
0.000494
0.008679
0.005309
0.002068
0.000574
0.011703
0.004997
0.001287
0.000247
0.011163
0.006377
0.001133
0.000537
0.009049
0.005794
0.001187
0.000443
0.009597
0.005676
0.001147
0.000508
0.009033
0.005574
0.001179
0.000482
0.009358
0.005601
0.001176
0.000451
0.009619
0.005245
0.001213
0.000384
0.010148
0.005508
0.001424
0.000274
0.009492
0.00506
0.00123
0.000483
0.009182
0.005583
0.001824
0.000245
0.011551
0.005378
0.00141
0.000178
0.011695
0.006437
0.001652
0.000084
0.012408
0.005163
0.001831
0.000247
0.012111
0.006169
0.001248
0.00043
0.010395
0.006305
0.001252
0.000443
0.009821
0.005421
0.00153
0.000132
0.010415
0.005074
0.001185
0.000565
0.009583
0.005959
0.001473
0.00021
0.011741
0.006275
0.001218
0.000558
0.010123
0.00633
0.00121
0.00052
0.009924
0.005787
0.001212
0.000545
0.009635
0.005799
0.001272
0.000489
0.010503
0.006222
0.001214
0.000559
0.009815
0.006016
0.001354
0.00039
0.010911
0.006141
0.00136
0.000386
0.010996
0.006161
0.001286
0.000473
0.010737
0.006627
0.001243
0.000528
0.00986
0.005838
0.00137
0.000368
0.010381
0.00559
0.00141
0.000375
0.011505
0.006586
0.001239
0.00061
0.010553
0.006999
0.001219
0.00062
0.010355
0.006799
0.001159
0.000629
0.009932
0.006152
0.00129
0.000503
0.010204
0.006041
0.001257
0.000525
0.010591
0.006403
0.00122
0.000568
0.009972
0.006002
0.001648
0.000035
0.011368
0.004906
0.001642
0.000075
0.011378
0.005744
0.00127
0.00056
0.010456
0.006652
0.00122
0.000552
0.009829
0.005605
0.001326
0.000484
0.010704
0.006294
0.001591
0.00012
0.012204
0.00566
0.001714
9.6858e-7
0.012588
0.006164
0.001243
0.000593
0.010623
0.006663
0.001235
0.00058
0.01007
0.006045
0.001353
0.000414
0.01056
0.005633
0.00165
0.000064
0.011483
0.005382
0.00148
0.000293
0.011464
0.006114
0.001254
0.000591
0.010679
0.006695
0.001211
0.000606
0.010262
0.006174
0.001372
0.000453
0.01085
0.006178
0.001202
0.000636
0.01022
0.006205
0.001222
0.000598
0.010208
0.006084
0.001373
0.000453
0.010954
0.006235
0.001317
0.000526
0.011124
0.006743
0.0012
0.000625
0.010318
0.006218
0.001382
0.000405
0.010621
0.005687
0.001408
0.000434
0.011349
0.006545
0.001253
0.000597
0.010343
0.006268
0.001241
0.0006
0.010222
0.006097
0.001254
0.00058
0.010253
0.006054
0.001683
0.00007
0.011458
0.005393
0.0015
0.000319
0.011535
0.006197
0.001306
0.000569
0.010802
0.006733
0.001235
0.000604
0.010225
0.006001
0.001361
0.000498
0.011261
0.006577
0.001197
0.00066
0.010468
0.006332
0.00136
0.000454
0.010824
0.006015
0.001669
0.000047
0.011997
0.004871
0.001717
0.000074
0.011878
0.005842
0.001326
0.000581
0.011169
0.007146
0.001304
0.000553
0.010744
0.006295
0.0016
0.000193
0.010228
0.004459
0.001287
0.000584
0.010748
0.006333
0.001269
0.000594
0.01053
0.006137
0.001511
0.000282
0.011315
0.005346
0.001549
0.000373
0.012317
0.007187
0.001253
0.000641
0.010649
0.006376
0.001272
0.000603
0.010482
0.006075
0.001379
0.000458
0.010901
0.0057
0.001396
0.000464
0.010953
0.006031
0.001284
0.00061
0.010949
0.006542
0.001404
0.000447
0.010854
0.005742
0.001506
0.000316
0.010934
0.005347
0.00154
0.000288
0.011162
0.005443
0.001323
0.000605
0.011307
0.007026
0.00132
0.000569
0.011521
0.006577
0.001817
0.000121
0.013193
0.004273
0.001357
0.000634
0.013066
0.008674
0.001186
0.000709
0.010679
0.006312
0.001275
0.000618
0.01025
0.005815
0.001279
0.000624
0.010245
0.005832
0.001251
0.000655
0.010582
0.00617
0.001648
0.00022
0.01182
0.005883
0.001518
0.000443
0.012975
0.007631
0.001204
0.000725
0.01091
0.006517
0.001269
0.000647
0.010736
0.006186
0.001378
0.000506
0.011315
0.006019
0.001517
0.000369
0.011685
0.006065
0.00178
0.000034
0.012834
0.005269
0.001423
0.000549
0.0129
0.007903
0.001373
0.000511
0.0133
0.007433
0.001314
0.000611
0.01033
0.005663
0.001328
0.000619
0.01142
0.006616
0.001485
0.000464
0.011669
0.006367
0.00131
0.000635
0.011167
0.006377
0.001283
0.000656
0.01086
0.006108
0.001353
0.000598
0.011373
0.00635
0.001317
0.000633
0.01106
0.006269
0.001298
0.000648
0.011028
0.006249
0.001298
0.000649
0.011043
0.006282
0.001297
0.00065
0.011047
0.006283
0.001301
0.000646
0.011029
0.006263
0.001301
0.000646
0.011048
0.006277
0.001301
0.000646
0.011048
0.006277
0.001301
0.000646
0.011039
0.006267
0.001301
0.000646
0.011038
0.006265
0.001299
0.000648
0.011043
0.006277
0.001299
0.000648
0.011041
0.006277
0.001299
0.000648
0.011036
0.006271
0.0013
0.000647
0.01103
0.006264
0.0013
0.000647
0.011038
0.006272
0.0013
0.000647
0.011045
0.006275
0.0013
0.000646
0.011046
0.006276
0.0013
0.000647
0.011047
0.006279
0.0013
0.000646
0.011032
0.006263
0.0013
0.000647
0.011038
0.006271
0.0013
0.000647
0.011036
0.006268
0.001299
0.000648
0.011047
0.00628
0.001301
0.000646
0.011035
0.006267
0.001301
0.000646
0.011033
0.006264
0.001299
0.000647
0.011041
0.00627
0.001301
0.000646
0.011033
0.006263
0.001299
0.000648
0.011048
0.006282
0.001299
0.000648
0.011048
0.006282
