0.000054
0.000076
0.000687
0.000577
0.000011
0.000083
0.001032
0.001019
7.267e-6
0.00005
0.001033
0.000971
9.1857e-6
6.8565e-6
0.001102
0.000964
0.000014
6.8908e-6
0.001146
0.000921
0.000125
0.000083
0.00129
0.001031
0.000093
0.00006
0.001117
0.000845
0.000192
0.000044
0.00143
0.000745
0.00012
0.000029
0.00115
0.000867
0.000204
0.000111
0.001625
0.001283
0.000213
0.00006
0.001734
0.001397
0.000236
0.000069
0.00171
0.001074
0.000159
0.00004
0.001366
0.001005
0.000199
0.00003
0.001497
0.001186
0.000204
0.000041
0.001482
0.001155
0.000207
0.000041
0.001499
0.00115
0.000193
0.00005
0.001382
0.001008
0.000208
0.00003
0.001463
0.001112
0.000223
0.000035
0.001506
0.00088
0.000247
0.000021
0.001405
0.000944
0.000226
0.000031
0.001643
0.00127
0.000222
9.5314e-6
0.001597
0.00123
0.000224
0.000027
0.001559
0.001182
0.00033
0.000057
0.001985
0.001453
0.000273
0.000015
0.001822
0.001399
0.000256
0.000026
0.001614
0.00117
0.000254
0.000038
0.001572
0.001113
0.000314
0.000016
0.001676
0.000967
0.000439
0.000023
0.002497
0.001799
0.000468
0.00004
0.003109
0.002658
0.000269
0.000107
0.001408
0.000925
0.000331
0.000013
0.001914
0.001363
0.000287
0.000034
0.001713
0.001221
0.000285
0.000039
0.001664
0.001164
0.000285
0.000039
0.001663
0.001169
0.000284
0.000038
0.001667
0.001175
0.000313
7.403e-6
0.001709
0.001205
0.000377
6.7193e-6
0.002099
0.001567
0.000313
0.000036
0.001747
0.001217
0.000337
0.000014
0.001959
0.001517
0.000312
0.000031
0.001719
0.001184
0.000372
0.000095
0.002021
0.001615
0.000396
7.9293e-6
0.00273
0.002192
0.000336
0.000018
0.001788
0.00122
0.000446
0.000014
0.002356
0.001626
0.000438
0.000018
0.002443
0.001848
0.000394
0.000141
0.00152
0.000713
0.000362
0.00002
0.002053
0.001444
0.000476
0.000049
0.002516
0.001879
0.000464
0.000068
0.002192
0.001396
0.000432
0.000012
0.002319
0.001761
0.000388
0.000144
0.001734
0.000821
0.000394
6.6798e-6
0.002373
0.001705
0.00039
0.000016
0.002068
0.001411
0.000493
8.03e-6
0.002533
0.00169
0.00039
1.7885e-6
0.002121
0.001478
0.000398
0.000015
0.002073
0.00142
0.000407
0.000023
0.002127
0.001505
0.000425
2.9199e-6
0.002286
0.00166
0.000663
0.000099
0.003895
0.003224
0.000422
3.1031e-6
0.002207
0.001525
0.000422
7.8615e-6
0.002148
0.001444
0.00042
0.00001
0.002181
0.001478
0.00042
9.5528e-6
0.002183
0.001479
0.000439
0.000093
0.002663
0.002107
0.000426
1.3994e-6
0.002163
0.001427
0.00056
0.00002
0.002937
0.002095
0.000478
0.00001
0.002553
0.001841
0.000448
9.5006e-7
0.002303
0.001555
0.00046
0.000039
0.002338
0.001643
0.000443
0.000021
0.002373
0.001634
0.000543
0.000056
0.00265
0.001618
0.000486
0.000018
0.002684
0.00196
0.000481
0.000022
0.002498
0.001791
0.000465
5.0918e-6
0.002362
0.001584
0.000473
0.000033
0.002499
0.001778
0.000469
5.7289e-6
0.002369
0.001587
0.000476
0.000037
0.0025
0.001772
0.000492
0.000037
0.002514
0.001782
0.000501
0.000023
0.002608
0.001857
0.000483
0.00001
0.002447
0.00164
0.000488
0.000037
0.002585
0.001821
0.000486
0.00001
0.002447
0.001631
0.000538
0.000112
0.002483
0.001299
0.000509
0.000081
0.002971
0.002271
0.000515
0.000031
0.002699
0.001914
0.000517
0.000063
0.002814
0.002041
0.000512
0.000018
0.002565
0.001708
0.000575
0.000116
0.002685
0.001443
0.000524
0.000078
0.003134
0.002335
0.000524
0.000022
0.002666
0.001778
0.000523
0.000023
0.002639
0.001751
0.000588
0.000117
0.002771
0.001495
0.000542
0.00008
0.003223
0.002412
0.000532
0.00005
0.002821
0.001944
0.000536
0.000065
0.00282
0.001953
0.000545
0.00006
0.002884
0.00201
0.000544
0.00003
0.002734
0.0018
0.000548
0.000101
0.002993
0.002172
0.000565
0.000132
0.003182
0.002412
0.000586
0.000092
0.003106
0.002264
0.000575
0.00004
0.002867
0.001892
0.000972
5.2784e-6
0.00484
0.003318
0.000588
0.000147
0.003218
0.002439
0.000603
0.000062
0.003125
0.002194
0.000589
0.000042
0.002979
0.001957
0.000604
0.000139
0.003022
0.002188
0.000617
0.000083
0.003412
0.002472
0.000609
0.000075
0.003141
0.002156
0.000619
0.000137
0.003189
0.002325
0.000624
0.000148
0.00351
0.002648
0.000641
0.00025
0.003622
0.002986
0.000667
0.000067
0.003475
0.002406
0.000647
0.00014
0.003375
0.002403
0.000667
0.000289
0.003547
0.00292
0.000656
0.000066
0.003307
0.002092
0.001406
0.000043
0.00671
0.003794
0.000773
0.000177
0.004863
0.004021
0.000701
0.000142
0.003819
0.002687
0.000712
0.000126
0.00374
0.002559
0.000712
0.000319
0.003978
0.003244
0.000708
0.000085
0.003663
0.002255
0.00073
0.000102
0.003829
0.002502
0.000852
0.000092
0.004394
0.002759
0.00073
0.000192
0.004043
0.002932
0.000751
0.000332
0.003889
0.003095
0.000845
0.000198
0.005332
0.004182
0.001923
0.00042
0.011311
0.008358
0.000795
0.000194
0.004497
0.003235
0.000776
0.000209
0.00421
0.002933
0.000743
0.000447
0.004285
0.003461
0.000735
0.000504
0.004792
0.004025
0.000818
0.00015
0.004385
0.002754
0.00084
0.00016
0.004641
0.003038
0.000811
0.000345
0.004503
0.003259
0.000838
0.000201
0.004834
0.003251
0.000831
0.000308
0.004709
0.003328
0.000852
0.000209
0.004936
0.003302
0.000846
0.0003
0.0048
0.003317
0.001045
0.00012
0.005777
0.003792
0.000871
0.00022
0.005071
0.003387
0.000875
0.00022
0.005023
0.00332
0.00088
0.000233
0.005038
0.003351
0.000869
0.000266
0.005053
0.003382
0.000886
0.000232
0.005168
0.003422
0.00089
0.000257
0.005163
0.003489
0.000894
0.000232
0.005234
0.00347
0.000896
0.000243
0.005204
0.003443
0.0009
0.00023
0.005266
0.003452
0.00089
0.000295
0.005219
0.003504
0.001077
0.000135
0.006085
0.003827
0.000902
0.000258
0.005394
0.003546
0.001222
0.00004
0.006822
0.004027
0.001215
0.000072
0.007209
0.004956
0.001285
0.00002
0.007562
0.004252
0.000918
0.000263
0.005456
0.003601
0.000936
0.000231
0.005609
0.003687
0.00094
0.000231
0.005583
0.003641
0.000925
0.000272
0.005509
0.00359
0.000945
0.000239
0.005635
0.003686
0.001459
0.000285
0.008421
0.005624
0.001122
3.9235e-6
0.007921
0.005341
0.000934
0.000228
0.005705
0.00359
0.000955
0.000242
0.005645
0.003641
0.000937
0.000282
0.005679
0.003666
0.000958
0.000251
0.005788
0.003769
0.000961
0.000248
0.005811
0.003788
0.00095
0.000269
0.005755
0.003735
0.000968
0.00025
0.005801
0.003774
0.001081
0.000109
0.006942
0.004601
0.000967
0.000264
0.005898
0.003875
0.00097
0.000257
0.005905
0.00385
0.001661
0.000456
0.009456
0.006086
0.001265
0.000153
0.009271
0.006152
0.001141
0.000165
0.006118
0.003079
0.001055
0.000138
0.006183
0.003903
0.000985
0.000271
0.006003
0.003928
0.000981
0.000276
0.006
0.003896
0.001154
0.000116
0.006849
0.004258
0.001171
0.000046
0.007657
0.004971
0.001022
0.000248
0.006114
0.003989
0.000973
0.000293
0.006093
0.0039
0.00099
0.000279
0.006189
0.004003
0.000984
0.000287
0.006159
0.003953
0.000975
0.000298
0.006172
0.003919
0.000985
0.0003
0.006247
0.003976
0.001162
0.000155
0.006925
0.004102
0.001131
0.000131
0.007117
0.004621
0.000999
0.000292
0.006328
0.004078
0.00101
0.000285
0.006315
0.004082
0.001504
0.00017
0.008533
0.004735
0.001037
0.000223
0.007016
0.00453
0.001369
0.000046
0.006318
0.002869
0.000973
0.000293
0.006082
0.003678
0.001545
0.000177
0.008308
0.004427
0.001033
0.000293
0.006287
0.003944
0.00099
0.000319
0.006407
0.003923
0.001023
0.00031
0.006625
0.004278
0.001227
0.000181
0.007696
0.003881
0.002026
0.000675
0.011081
0.005385
0.00098
0.000364
0.005925
0.003503
0.001021
0.000348
0.006708
0.004254
0.001022
0.000339
0.006777
0.004246
0.00102
0.000347
0.006819
0.00426
0.001363
0.000031
0.008135
0.004311
0.002229
0.000894
0.012574
0.005452
0.000917
0.000461
0.005908
0.003353
0.001042
0.000378
0.007094
0.004453
0.001081
0.000344
0.007096
0.004483
0.00107
0.00036
0.007277
0.004677
0.001586
0.000175
0.00939
0.004896
0.00107
0.000318
0.007704
0.004754
0.001078
0.000345
0.007058
0.004356
0.001063
0.000373
0.007217
0.004528
0.00105
0.000376
0.007139
0.004329
0.00105
0.000367
0.007229
0.004306
0.001046
0.000369
0.007237
0.004258
0.001077
0.000385
0.007533
0.004812
0.001064
0.000393
0.007369
0.004488
0.00106
0.000401
0.007332
0.004409
0.001086
0.000391
0.007656
0.004779
0.001045
0.000396
0.007436
0.004393
0.001095
0.000388
0.007696
0.004772
0.001043
0.000418
0.007384
0.004242
0.001072
0.000409
0.007535
0.004367
0.00109
0.00041
0.00804
0.004959
0.001024
0.000441
0.007521
0.004217
0.001162
0.000298
0.009153
0.005595
0.00115
0.000375
0.008211
0.00505
0.001112
0.000429
0.008004
0.004913
0.001108
0.000447
0.008066
0.005026
0.001136
0.000343
0.009116
0.00532
0.001149
0.000398
0.008196
0.004879
0.001132
0.000441
0.008362
0.005296
0.001932
0.000463
0.011376
0.004369
0.001107
0.000454
0.008193
0.004831
0.001192
0.000437
0.008829
0.005791
0.001471
0.000074
0.01094
0.005912
0.001143
0.000461
0.008358
0.005039
0.001281
0.000233
0.010557
0.005939
0.001183
0.000462
0.009193
0.005973
0.001137
0.000516
0.008756
0.005553
0.001164
0.000463
0.008756
0.005437
0.001168
0.000459
0.008827
0.005356
0.001159
0.000437
0.008794
0.005096
0.001135
0.000488
0.008651
0.005167
0.00119
0.000451
0.008764
0.005246
0.001195
0.000448
0.008666
0.005099
0.001166
0.000493
0.009035
0.00565
0.001157
0.000474
0.009544
0.005747
0.001122
0.00051
0.008751
0.005138
0.001203
0.000451
0.008701
0.005227
0.001139
0.000498
0.010407
0.006223
0.001217
0.000463
0.009187
0.005601
0.001633
0.00004
0.010672
0.00449
0.001918
0.000404
0.011854
0.005262
0.001663
0.000176
0.012522
0.005797
0.00119
0.000503
0.009203
0.005659
0.001197
0.000481
0.009866
0.005906
0.001628
5.0246e-7
0.010827
0.005471
0.001218
0.000426
0.01026
0.006031
0.001294
0.000411
0.009557
0.005655
0.001191
0.000515
0.010131
0.006087
0.001192
0.000524
0.009444
0.005781
0.001302
0.000387
0.011116
0.006296
0.001663
0.000014
0.011678
0.006395
0.00118
0.000554
0.009265
0.005587
0.001226
0.000533
0.010847
0.006541
0.001419
0.00032
0.011148
0.006225
0.00138
0.000317
0.01125
0.006877
0.001143
0.000601
0.009585
0.005844
0.001209
0.000543
0.009414
0.005684
0.001493
0.000193
0.010493
0.005075
0.001764
0.000138
0.011668
0.005054
0.002027
0.000462
0.013286
0.00508
0.001864
0.000259
0.013513
0.006354
0.001557
0.000119
0.013036
0.006948
0.001237
0.000571
0.009901
0.006238
0.001689
2.5997e-6
0.010613
0.004898
0.001234
0.000551
0.010059
0.00611
0.001391
0.000362
0.010339
0.005698
0.001483
0.00024
0.010785
0.005499
0.00146
0.000342
0.011714
0.006667
0.001411
0.0004
0.011524
0.006952
0.001538
0.000145
0.012695
0.006594
0.001218
0.000591
0.009621
0.005711
0.00133
0.000483
0.010936
0.006368
0.001357
0.00048
0.011607
0.006933
0.00128
0.000562
0.010926
0.006782
0.001246
0.000577
0.010195
0.006076
0.00124
0.00058
0.010173
0.006024
0.001539
0.000218
0.01101
0.005502
0.002008
0.000348
0.012839
0.004713
0.00188
0.000138
0.01281
0.006056
0.001326
0.000561
0.01234
0.007801
0.001443
0.000372
0.011795
0.006794
0.001509
0.000207
0.012016
0.00571
0.001234
0.000619
0.010029
0.005906
0.001419
0.000465
0.011818
0.006981
0.001324
0.000558
0.01077
0.006495
0.00151
0.000219
0.013027
0.00609
0.001898
0.000174
0.013908
0.006251
0.002131
0.000384
0.014528
0.005623
0.001338
0.000677
0.012203
0.008491
0.00138
0.000525
0.01077
0.006184
0.001278
0.00062
0.010662
0.006156
0.001503
0.000327
0.011438
0.005432
0.001348
0.00058
0.011895
0.007233
0.001438
0.000415
0.012494
0.006611
0.001291
0.000624
0.010854
0.006352
0.001284
0.000622
0.010747
0.006189
0.001286
0.000621
0.010745
0.006188
0.001772
0.000026
0.011963
0.005029
0.001709
0.000164
0.012225
0.005863
0.002018
0.000179
0.013917
0.006096
0.001336
0.000634
0.011316
0.007047
0.001322
0.000594
0.010821
0.00596
0.001372
0.000582
0.011901
0.006956
0.001291
0.000638
0.010961
0.006268
0.001535
0.000344
0.011359
0.00553
0.001627
0.000252
0.011751
0.005458
0.001563
0.000378
0.012119
0.006563
0.001832
0.000048
0.014248
0.00525
0.001465
0.000538
0.013071
0.00791
0.001289
0.000662
0.011065
0.006307
0.001301
0.000651
0.011026
0.006245
0.001298
0.000653
0.01106
0.00627
0.001405
0.000517
0.011346
0.005876
0.001642
0.000276
0.011902
0.005708
0.001576
0.000377
0.012136
0.006262
0.001333
0.000648
0.0118
0.006908
0.001576
0.000317
0.010716
0.00464
0.00138
0.000524
0.011233
0.00552
0.001549
0.000317
0.012827
0.005664
0.001377
0.000675
0.013197
0.008437
0.001354
0.000602
0.013185
0.007459
0.001303
0.000653
0.011418
0.006214
0.00131
0.000669
0.011236
0.006302
0.001411
0.000541
0.011464
0.005921
0.001432
0.000569
0.012077
0.006752
0.001426
0.000539
0.012667
0.006842
0.001314
0.000672
0.011263
0.006293
0.001312
0.000673
0.011229
0.006263
0.001312
0.000674
0.011231
0.006264
0.001312
0.000673
0.011222
0.006252
0.001312
0.000673
0.011224
0.006251
0.001313
0.000672
0.01123
0.006256
0.001313
0.000672
0.011237
0.006262
0.001313
0.000672
0.011242
0.006267
0.001313
0.000672
0.01124
0.006262
0.001312
0.000673
0.011235
0.006262
0.001312
0.000673
0.011222
0.006254
0.001312
0.000673
0.011218
0.006248
0.001313
0.000672
0.011216
0.006245
0.001313
0.000672
0.011228
0.006254
0.001312
0.000672
0.011232
0.006253
0.001314
0.000671
0.01123
0.006252
0.001312
0.000674
0.011245
0.006274
0.001313
0.000672
0.011217
0.006246
0.001313
0.000672
0.011218
0.006246
0.001311
0.000674
0.011223
0.006253
0.001312
0.000673
0.011212
0.006246
0.001311
0.000674
0.011227
0.006256
0.001314
0.000671
0.011229
0.006251
0.001313
0.000672
0.011234
0.006261
0.001314
0.000671
0.011218
0.006244
0.001313
0.000671
0.01121
0.006239
0.001313
0.000672
0.011225
0.006254
0.001313
0.000672
0.011225
0.006254
