0.00005
0.00006
0.00059
0.000485
0.000049
0.000065
0.000678
0.000578
0.000024
0.000053
0.000865
0.000815
2.7721e-6
0.000049
0.000981
0.00081
0.00002
0.000063
0.000975
0.00079
0.000047
0.000047
0.001096
0.000888
0.000055
0.000055
0.001051
0.000823
0.000075
0.000052
0.001103
0.000879
0.000084
0.000052
0.00115
0.000909
0.000081
0.000062
0.001073
0.000823
0.000117
9.79e-6
0.001422
0.001173
0.000119
0.00006
0.001172
0.000879
0.00012
0.00006
0.00118
0.000889
0.000144
0.000033
0.001376
0.001096
0.000155
0.000049
0.001328
0.001026
0.000219
0.000038
0.001644
0.00146
0.000193
0.000039
0.001537
0.001255
0.000204
0.000016
0.001521
0.001184
0.000197
0.000049
0.001365
0.000982
0.000201
0.00005
0.001403
0.00102
0.000259
0.000053
0.001618
0.001327
0.000219
8.09e-6
0.001659
0.001311
0.000252
0.00001
0.001682
0.001305
0.000311
0.000115
0.001508
0.001168
0.000266
0.000042
0.001586
0.001109
0.000274
0.000022
0.001727
0.001277
0.000289
0.00002
0.001974
0.001543
0.000287
0.000037
0.001652
0.001143
0.000324
0.000015
0.001873
0.001442
0.000337
0.000029
0.00197
0.001476
0.000341
0.000014
0.001965
0.001523
0.000313
6.9996e-6
0.001868
0.001368
0.000761
0.000144
0.003627
0.002075
0.000309
0.000076
0.00208
0.001569
0.000399
0.000128
0.001985
0.001535
0.000454
0.000044
0.002981
0.002479
0.000394
7.6529e-6
0.002082
0.001443
0.000426
0.000056
0.002462
0.00194
0.000428
3.6622e-6
0.002317
0.001678
0.000411
0.000011
0.002145
0.001459
0.00041
9.4785e-6
0.002134
0.001449
0.000539
0.000034
0.002882
0.002116
0.00047
0.000021
0.002396
0.001692
0.000475
0.000059
0.002828
0.002287
0.000432
2.2531e-6
0.002234
0.001512
0.000432
3.7368e-6
0.002244
0.001521
0.000444
0.000031
0.002306
0.001628
0.000496
0.000127
0.002933
0.002468
0.000453
8.5542e-6
0.00229
0.001526
0.000559
0.000036
0.002759
0.001752
0.000505
0.000014
0.002757
0.002028
0.000491
0.00003
0.002519
0.0018
0.000488
0.000021
0.002567
0.001812
0.000491
0.000059
0.002659
0.001946
0.000499
0.000026
0.002617
0.001829
0.000502
0.000071
0.002729
0.002005
0.000531
0.000153
0.002937
0.00239
0.000672
0.000188
0.003771
0.002404
0.00062
0.000092
0.003692
0.003038
0.000611
0.00014
0.003192
0.002618
0.000556
0.000036
0.002782
0.001846
0.000572
0.000216
0.003335
0.002717
0.000563
0.000033
0.002789
0.001779
0.001322
0.000022
0.006403
0.004114
0.000557
0.000196
0.003452
0.002673
0.000621
0.000177
0.003404
0.002658
0.000627
0.000134
0.003561
0.002683
0.000639
0.000088
0.003243
0.002258
0.001037
0.000048
0.005539
0.003976
0.00065
0.00007
0.003257
0.002128
0.000652
0.00014
0.003403
0.002467
0.00067
0.000518
0.003875
0.003754
0.000638
0.000141
0.004064
0.003149
0.000672
0.000057
0.003472
0.002175
0.000701
0.000223
0.003509
0.002599
0.000699
0.000136
0.003581
0.002346
0.000699
0.000233
0.003724
0.002786
0.000706
0.000115
0.003818
0.002607
0.000712
0.000121
0.003707
0.002503
0.000715
0.000355
0.003831
0.003135
0.000715
0.000195
0.004033
0.002808
0.000738
0.000107
0.003882
0.002542
0.000738
0.000182
0.003956
0.002799
0.000727
0.000309
0.004079
0.003176
0.000771
0.000202
0.004349
0.003206
0.000763
0.000152
0.00416
0.002821
0.000753
0.00038
0.004235
0.003379
0.000771
0.000215
0.004613
0.003474
0.000764
0.000418
0.00419
0.00333
0.000812
0.00015
0.004351
0.002847
0.000808
0.000146
0.004399
0.002877
0.000807
0.000182
0.004385
0.00295
0.000785
0.000375
0.00447
0.003409
0.00083
0.00016
0.004523
0.00296
0.000817
0.000253
0.004559
0.003172
0.000838
0.000168
0.004592
0.003008
0.001
0.000016
0.005603
0.003896
0.00086
0.000288
0.004529
0.003343
0.000819
0.00026
0.004786
0.003246
0.000833
0.000309
0.004859
0.003507
0.000846
0.000264
0.00486
0.00331
0.001583
0.000228
0.008794
0.005527
0.000873
0.000232
0.0052
0.003688
0.000951
0.000199
0.006068
0.004438
0.000899
0.000177
0.005145
0.003208
0.000914
0.000268
0.005233
0.003698
0.001457
0.000077
0.007801
0.004536
0.001487
0.000334
0.008556
0.006206
0.000895
0.000277
0.005329
0.003701
0.000904
0.000262
0.005301
0.003627
0.001531
0.000213
0.008316
0.004906
0.001734
0.000526
0.011141
0.007243
0.001474
0.000315
0.011797
0.00763
0.001121
0.000013
0.009779
0.006946
0.000946
0.000276
0.005177
0.003502
0.00115
0.000164
0.006577
0.003678
0.000899
0.000304
0.005574
0.003735
0.001261
0.000051
0.00743
0.00491
0.000937
0.000309
0.005603
0.003802
0.001245
0.00006
0.007117
0.004181
0.001459
0.000165
0.008853
0.005011
0.000927
0.000303
0.005727
0.00375
0.001535
0.000126
0.008339
0.004217
0.001894
0.000694
0.011649
0.007373
0.001276
0.000189
0.010423
0.006943
0.00117
0.000211
0.004783
0.001876
0.000929
0.000322
0.005891
0.003594
0.001001
0.00026
0.006053
0.003876
0.001114
0.000192
0.006671
0.003834
0.001151
0.000095
0.007025
0.004529
0.000975
0.000316
0.006042
0.003837
0.001004
0.000291
0.006354
0.004129
0.001673
0.000324
0.009292
0.004988
0.001049
0.000248
0.006054
0.003798
0.000995
0.00031
0.00636
0.004038
0.000982
0.00032
0.006358
0.003958
0.001032
0.000279
0.0064
0.00407
0.000995
0.000321
0.006414
0.004027
0.001923
0.000653
0.010595
0.005943
0.001242
0.000059
0.009138
0.005838
0.000914
0.000392
0.006322
0.003956
0.001037
0.000337
0.006839
0.004505
0.001015
0.000327
0.006692
0.004132
0.001713
0.000264
0.009695
0.003538
0.002264
0.00101
0.012762
0.006062
0.000909
0.000402
0.006808
0.003661
0.001999
0.000573
0.005338
0.000833
0.001109
0.000259
0.0068
0.004094
0.001158
0.000214
0.008028
0.005011
0.00102
0.000379
0.006859
0.004201
0.001059
0.00036
0.007133
0.004532
0.001249
0.000166
0.00784
0.004648
0.001175
0.000201
0.007968
0.005032
0.0015
0.00011
0.009371
0.00486
0.001535
0.000209
0.009948
0.005535
0.001463
0.000193
0.010693
0.005814
0.001085
0.000354
0.007075
0.004416
0.001531
0.000092
0.009089
0.004215
0.001724
0.00044
0.011122
0.006073
0.001123
0.000326
0.007258
0.004514
0.001091
0.000373
0.007501
0.004788
0.001739
0.000302
0.010178
0.004625
0.0011
0.000361
0.007288
0.004545
0.001092
0.000385
0.007587
0.00486
0.001406
0.000055
0.008886
0.004693
0.001046
0.000411
0.007128
0.004221
0.00109
0.000403
0.007734
0.004984
0.001102
0.000391
0.007683
0.004904
0.001102
0.000388
0.007699
0.004895
0.001086
0.000391
0.007704
0.004769
0.001023
0.000423
0.00747
0.004403
0.001122
0.000333
0.008458
0.005232
0.001244
0.000297
0.007191
0.003974
0.001091
0.00044
0.00779
0.004943
0.001094
0.000423
0.007767
0.004807
0.001109
0.000407
0.007946
0.004953
0.001075
0.000429
0.007822
0.004785
0.001118
0.000389
0.008327
0.00514
0.001484
0.000058
0.008204
0.004206
0.001075
0.00043
0.007304
0.004232
0.001154
0.000378
0.008333
0.005149
0.001114
0.000429
0.008137
0.005098
0.001124
0.000415
0.008267
0.005004
0.00102
0.000477
0.007618
0.00423
0.001126
0.00041
0.008664
0.005179
0.001547
0.000041
0.008246
0.004094
0.001071
0.000472
0.007599
0.004344
0.001112
0.00049
0.008492
0.005499
0.001156
0.000397
0.008753
0.00491
0.001159
0.000439
0.008552
0.005283
0.00116
0.000424
0.008918
0.005361
0.001157
0.000449
0.008595
0.005259
0.001171
0.000438
0.008806
0.005419
0.001126
0.00045
0.008803
0.005176
0.001151
0.000364
0.010003
0.005671
0.001149
0.000476
0.008636
0.005306
0.001145
0.00045
0.01008
0.006041
0.001164
0.000461
0.009024
0.005335
0.001203
0.000433
0.008961
0.005359
0.001184
0.000417
0.009193
0.005462
0.001177
0.000474
0.008777
0.0053
0.001214
0.000403
0.010627
0.00627
0.001303
0.000332
0.01043
0.00589
0.001141
0.00054
0.00888
0.005477
0.001253
0.000395
0.010399
0.00608
0.001171
0.000524
0.009205
0.005736
0.001186
0.000501
0.009166
0.005606
0.001181
0.000491
0.01042
0.006184
0.001131
0.000571
0.009288
0.005773
0.001191
0.00051
0.009653
0.005874
0.001805
0.000211
0.011603
0.005623
0.001175
0.000554
0.009482
0.005984
0.001196
0.000514
0.00935
0.005684
0.001224
0.000487
0.010848
0.006375
0.001196
0.000529
0.009577
0.005886
0.001224
0.000505
0.010179
0.006039
0.00119
0.000535
0.009527
0.005822
0.001236
0.000489
0.009904
0.005904
0.001464
0.000217
0.012487
0.006847
0.001152
0.000601
0.009721
0.006075
0.001263
0.000485
0.009967
0.005899
0.001252
0.000508
0.010937
0.006557
0.001188
0.00058
0.009883
0.00606
0.001305
0.000445
0.010367
0.005931
0.001216
0.000559
0.00993
0.006085
0.001275
0.000483
0.010181
0.005938
0.001224
0.000552
0.009905
0.006001
0.001281
0.000447
0.01008
0.005781
0.001517
0.000281
0.012706
0.006983
0.001229
0.000607
0.010069
0.006315
0.001269
0.000516
0.010284
0.005959
0.001261
0.000541
0.01051
0.006203
0.001244
0.000567
0.010081
0.006058
0.001415
0.000381
0.011234
0.006247
0.001274
0.000547
0.011147
0.006871
0.001394
0.000413
0.010189
0.005665
0.001291
0.000524
0.011126
0.006649
0.001314
0.000492
0.011209
0.006571
0.001248
0.000583
0.010174
0.006051
0.001642
0.000216
0.012671
0.006801
0.001099
0.000771
0.010472
0.006629
0.001428
0.000437
0.010762
0.006141
0.00124
0.000611
0.010401
0.006222
0.001482
0.000342
0.01145
0.006138
0.001258
0.000622
0.010568
0.00646
0.001256
0.000592
0.010285
0.00602
0.001257
0.000595
0.010428
0.006137
0.001624
0.00027
0.01273
0.007093
0.001104
0.000805
0.010647
0.006793
0.00139
0.000489
0.010701
0.006062
0.001249
0.000624
0.010559
0.006239
0.001345
0.000522
0.010877
0.006181
0.001485
0.00039
0.011852
0.006567
0.00129
0.000612
0.010964
0.006703
0.001479
0.000401
0.011451
0.006151
0.001236
0.000674
0.010706
0.006464
0.001271
0.000613
0.010509
0.006089
0.001871
0.000075
0.013391
0.006769
0.001237
0.000716
0.011069
0.006883
0.001267
0.000633
0.010442
0.005983
0.001267
0.000638
0.010792
0.006293
0.001802
0.00017
0.013439
0.007285
0.001287
0.000639
0.011184
0.006614
0.001287
0.000633
0.010858
0.006242
0.001287
0.000633
0.010895
0.006265
0.002096
0.000388
0.01319
0.003685
0.001547
0.000471
0.01504
0.009818
0.00128
0.000661
0.01091
0.0063
0.001504
0.000467
0.012092
0.006661
0.00135
0.000602
0.011583
0.006643
0.001281
0.000653
0.01069
0.005893
0.001277
0.000675
0.010957
0.006318
0.001523
0.000459
0.012062
0.006577
0.001349
0.00061
0.011726
0.006692
0.001316
0.000636
0.010874
0.005978
0.0013
0.000663
0.011082
0.006282
0.001379
0.000594
0.011472
0.006387
0.0013
0.000663
0.011276
0.00639
0.001353
0.00061
0.010969
0.005906
0.001343
0.00064
0.011554
0.006664
0.001423
0.000555
0.011337
0.0061
0.001349
0.000652
0.011643
0.006741
0.001311
0.000672
0.011167
0.00626
0.00131
0.000669
0.011176
0.006237
0.001309
0.000671
0.011215
0.006273
0.001312
0.000668
0.011207
0.006258
0.001312
0.000669
0.011215
0.006267
0.001313
0.000668
0.011198
0.006251
0.00131
0.00067
0.011209
0.006268
0.00149
0.000505
0.011827
0.006266
0.001623
0.000372
0.012601
0.006476
0.001398
0.000611
0.012581
0.007237
0.001325
0.000665
0.01125
0.006178
0.001398
0.000606
0.011652
0.006367
0.001531
0.000481
0.011773
0.006175
0.001347
0.000651
0.011396
0.006174
0.001314
0.000689
0.011291
0.006223
0.001316
0.000687
0.011292
0.00622
0.001508
0.000506
0.011823
0.006052
0.001349
0.000657
0.011581
0.00625
0.001319
0.000689
0.011336
0.006223
0.00132
0.000688
0.011309
0.006197
0.001408
0.000609
0.011619
0.006202
0.001441
0.000574
0.011769
0.006232
0.001695
0.000351
0.012628
0.006022
0.001311
0.000724
0.011373
0.006255
0.001305
0.00072
0.011332
0.006114
0.001321
0.000707
0.011348
0.006129
0.001319
0.000708
0.011361
0.006132
0.001323
0.000705
0.01138
0.006136
0.001323
0.000705
0.01139
0.006144
0.001322
0.000705
0.011387
0.006144
0.001322
0.000706
0.011375
0.006138
0.001321
0.000706
0.011374
0.00614
0.001321
0.000706
0.011376
0.00614
0.001322
0.000706
0.011384
0.006145
0.001322
0.000705
0.011379
0.006139
0.001322
0.000705
0.011382
0.006139
0.001322
0.000706
0.011385
0.006145
0.001321
0.000706
0.011377
0.006139
0.001321
0.000707
0.011375
0.006139
0.00132
0.000707
0.011375
0.006142
0.00132
0.000707
0.011383
0.006146
0.001322
0.000705
0.01138
0.006138
0.001321
0.000707
0.011394
0.006155
0.001322
0.000705
0.011372
0.006133
0.00132
0.000707
0.011377
0.006139
0.00132
0.000707
0.011377
0.006139
