0.000193
0.000251
0.002668
0.002236
0.000193
0.000256
0.002669
0.002236
0.000195
0.000234
0.002571
0.002195
0.000034
0.000197
0.003354
0.003281
0.000332
0.000274
0.005623
0.005653
0.000346
0.000276
0.003972
0.003728
0.00042
0.000232
0.004334
0.004188
0.000918
0.000388
0.007396
0.007448
0.000561
0.000072
0.004276
0.004309
0.001019
0.000123
0.006355
0.006503
0.000657
0.000021
0.004851
0.004933
0.000566
0.000255
0.004479
0.004373
0.000559
0.000272
0.004343
0.004194
0.000645
7.0125e-6
0.004687
0.004825
0.001269
0.000381
0.008472
0.008703
0.000831
5.839e-6
0.005023
0.00521
0.000926
0.000397
0.00385
0.003947
0.001447
0.000048
0.007177
0.007526
0.002132
0.000757
0.008275
0.00872
0.002093
0.000216
0.01233
0.013599
0.00104
0.000069
0.005439
0.005703
0.001048
0.000265
0.005685
0.005664
0.002082
0.000322
0.009968
0.010471
0.002365
0.000037
0.012695
0.013448
0.002828
0.001026
0.013405
0.014222
0.003895
0.000229
0.019719
0.021792
0.004785
0.001702
0.02243
0.024816
0.004115
0.00036
0.027033
0.030393
0.00186
0.00353
0.006979
0.009172
0.001611
0.000152
0.007306
0.007464
0.001586
0.000192
0.007561
0.007705
0.001566
0.00004
0.007543
0.007934
0.001567
0.000078
0.007587
0.00795
0.001607
0.000022
0.007634
0.007911
0.001985
0.00009
0.008468
0.00879
0.001636
0.000111
0.007607
0.00779
0.001873
0.000148
0.009462
0.010125
0.001683
0.000109
0.007854
0.008217
0.00171
0.000351
0.008072
0.008699
0.001742
0.000148
0.008413
0.008814
0.002568
0.000094
0.010247
0.010731
0.003313
0.000119
0.014048
0.014656
0.003768
0.000047
0.017377
0.018212
0.004011
0.000197
0.02064
0.021855
0.004684
0.001333
0.022859
0.023792
0.002007
0.000019
0.012975
0.013377
0.002335
0.001194
0.009652
0.011656
0.002544
0.000736
0.010374
0.011418
0.001989
0.000292
0.010656
0.010843
0.002233
6.6639e-6
0.010065
0.010233
0.002296
0.000272
0.01029
0.010849
0.002257
0.000012
0.010253
0.010385
0.004109
0.000292
0.01473
0.014893
0.002328
0.000451
0.01083
0.011611
0.003589
0.000628
0.015019
0.015283
0.00225
0.000326
0.01129
0.011661
0.003125
0.000079
0.012479
0.012548
0.003942
0.000034
0.015132
0.014606
0.004992
0.000197
0.019128
0.018212
0.006133
0.000582
0.024345
0.023529
0.007337
0.001187
0.031788
0.030645
0.005528
0.000929
0.033082
0.035542
0.002741
0.002801
0.016222
0.018173
0.002568
0.000456
0.012734
0.013021
0.00272
0.000177
0.013039
0.013039
0.00299
0.000238
0.013458
0.013134
0.002765
0.000508
0.013074
0.013596
0.003705
0.000226
0.015177
0.014678
0.002799
0.001012
0.014107
0.015236
0.002992
0.000404
0.014731
0.015081
0.00285
0.000259
0.013988
0.013895
0.002962
0.000287
0.014113
0.014262
0.003882
0.000205
0.016953
0.017636
0.002658
0.001166
0.014093
0.014827
0.004027
0.000248
0.018908
0.018241
0.004763
0.001131
0.023967
0.02358
0.005061
0.000721
0.026878
0.024303
0.004743
0.001318
0.02896
0.028197
0.005624
0.000026
0.027647
0.02393
0.002705
0.001503
0.015124
0.016414
0.00482
0.000287
0.019625
0.017726
0.003041
0.000969
0.016678
0.016933
0.003252
0.000499
0.017325
0.017028
0.003428
0.000374
0.016667
0.016541
0.003475
0.000471
0.017051
0.017069
0.003225
0.000652
0.016667
0.01655
0.003917
0.000476
0.018499
0.016062
0.004859
0.000967
0.021382
0.019482
0.003192
0.00071
0.017479
0.017273
0.0036
0.000247
0.018685
0.01828
0.003484
0.00076
0.017437
0.017763
0.004426
0.000415
0.020428
0.019027
0.003602
0.000408
0.018298
0.017974
0.003713
0.000843
0.018508
0.01624
0.00435
0.000378
0.019995
0.018936
0.003688
0.000402
0.017809
0.017428
0.003505
0.000533
0.018595
0.018079
0.003342
0.000704
0.018351
0.017794
0.003804
0.000527
0.019561
0.017216
0.003416
0.000775
0.018792
0.018369
0.003425
0.000615
0.018689
0.017892
0.005827
0.002139
0.02501
0.022353
0.004862
0.001227
0.024343
0.022533
0.003448
0.000562
0.022705
0.020726
0.003394
0.000934
0.020103
0.019433
0.004647
0.000329
0.022397
0.01926
0.005927
0.001928
0.026835
0.020783
0.00575
0.002738
0.028787
0.024586
0.005411
0.001315
0.02613
0.020476
0.00622
0.001798
0.026573
0.019967
0.005954
0.002106
0.023831
0.022022
0.003604
0.000775
0.020468
0.019129
0.004503
0.000157
0.023166
0.021591
0.003055
0.001718
0.020216
0.019196
0.004467
0.000253
0.02417
0.019396
0.003752
0.001143
0.02153
0.020607
0.005217
0.000842
0.026142
0.023695
0.00412
0.000603
0.022799
0.021189
0.004479
0.000327
0.026597
0.024796
0.004009
0.001005
0.024595
0.021299
0.003721
0.000868
0.022835
0.019896
0.006434
0.002208
0.031102
0.019662
0.009266
0.006607
0.039566
0.026902
0.003389
0.001864
0.025498
0.024181
0.005944
0.001184
0.032201
0.021166
0.008242
0.004545
0.037309
0.024828
0.003918
0.00129
0.025064
0.022176
0.00553
0.000819
0.029609
0.021572
0.003984
0.001176
0.025799
0.022504
0.004529
0.00028
0.027942
0.023179
0.003211
0.00187
0.027008
0.021182
0.004743
0.000269
0.027441
0.022892
0.004038
0.001226
0.028223
0.02475
0.004772
0.000311
0.029223
0.024432
0.004369
0.000837
0.028012
0.023835
0.004152
0.001105
0.028518
0.02253
0.004016
0.001275
0.028176
0.023944
0.003711
0.001242
0.028322
0.022752
0.00389
0.001138
0.029142
0.023096
0.004566
0.000384
0.031638
0.022865
0.004209
0.00145
0.029285
0.025202
0.006099
0.001301
0.035053
0.023098
0.008278
0.004472
0.040475
0.024305
0.007301
0.003791
0.040618
0.026959
0.004494
0.000094
0.03689
0.026799
0.004042
0.001738
0.029998
0.025507
0.006201
0.001301
0.035845
0.023014
0.007203
0.002644
0.037364
0.024865
0.007266
0.003427
0.041629
0.0255
0.008003
0.004527
0.045058
0.025105
0.00433
0.001883
0.032086
0.027576
0.005709
0.000225
0.035682
0.026344
0.004342
0.001629
0.032482
0.026122
0.004283
0.001791
0.031841
0.026153
0.006347
0.00117
0.036948
0.026207
0.004478
0.001299
0.033948
0.02624
0.004083
0.00188
0.033942
0.027455
0.005638
0.000231
0.03392
0.023622
0.007423
0.00218
0.036402
0.022262
0.007806
0.003128
0.038427
0.020884
0.004333
0.001812
0.030426
0.023348
0.00477
0.000963
0.034839
0.024768
0.004772
0.000833
0.036992
0.02443
0.005756
0.000368
0.039365
0.025581
0.006857
0.001964
0.043897
0.024161
0.007541
0.002701
0.045004
0.025389
0.004822
0.001954
0.038018
0.031934
0.004687
0.001726
0.036571
0.028422
0.004362
0.001851
0.033785
0.025053
0.005686
0.000034
0.037418
0.02326
0.005416
0.001027
0.037707
0.027877
0.005376
0.00052
0.041523
0.027425
0.005568
0.000273
0.042041
0.029016
0.004326
0.002339
0.036675
0.028889
0.005306
0.000973
0.037904
0.026102
0.0066
0.000846
0.04055
0.023351
0.006806
0.000829
0.038848
0.024069
0.006517
0.000611
0.039797
0.023127
0.00693
0.001173
0.041348
0.023196
0.006462
0.000424
0.040305
0.024941
0.0047
0.002066
0.03687
0.027682
0.006332
0.000527
0.04261
0.022717
0.008024
0.002328
0.043783
0.023327
0.008001
0.00223
0.044239
0.023138
0.004848
0.002236
0.039313
0.030512
0.004925
0.001804
0.037927
0.026443
0.005358
0.000786
0.040931
0.022707
0.004801
0.002086
0.036356
0.025588
0.005473
0.000737
0.041814
0.024048
0.006556
0.000293
0.043354
0.026303
0.005008
0.002298
0.041832
0.032054
0.005654
0.001341
0.042238
0.029414
0.006565
0.00056
0.047341
0.023606
0.005886
0.001429
0.038504
0.026262
0.005184
0.001032
0.048161
0.026925
0.00516
0.001424
0.047337
0.031385
0.006107
0.000802
0.046666
0.030793
0.004652
0.002777
0.040479
0.030148
0.005176
0.001963
0.037981
0.024774
0.005778
0.001067
0.041091
0.024044
0.0068
0.000596
0.043542
0.028221
0.005067
0.002312
0.044625
0.032109
0.006439
0.000811
0.038251
0.022421
0.004818
0.002217
0.041379
0.025957
0.007444
0.000123
0.044116
0.026585
0.005185
0.002173
0.045079
0.030172
0.00558
0.001828
0.040933
0.025677
0.005266
0.002137
0.040445
0.025963
0.00497
0.002404
0.040784
0.026464
0.00758
0.000039
0.04239
0.023155
0.00508
0.002419
0.044884
0.029689
0.005243
0.002295
0.041661
0.026887
0.006604
0.000864
0.036479
0.01823
0.004938
0.00249
0.043645
0.027678
0.007735
0.000058
0.04464
0.024429
0.005068
0.002491
0.046576
0.029602
0.005958
0.001669
0.038586
0.020795
0.005055
0.002613
0.042895
0.02715
0.006071
0.001698
0.042353
0.025091
0.005783
0.001899
0.044677
0.026471
0.005192
0.002633
0.043046
0.027555
0.00683
0.001048
0.046418
0.025901
0.005116
0.002778
0.04721
0.030355
0.005182
0.002662
0.041619
0.025124
0.00514
0.002724
0.041995
0.025717
0.005128
0.002733
0.041975
0.025693
0.005142
0.002717
0.041789
0.025508
0.007072
0.000894
0.044234
0.022449
0.005012
0.002822
0.04955
0.030568
0.005522
0.002396
0.041251
0.023587
0.00518
0.002757
0.04302
0.025991
0.007127
0.00089
0.044867
0.021986
0.004973
0.002958
0.049506
0.030051
0.005555
0.002447
0.041173
0.022827
0.005161
0.002854
0.043282
0.025543
0.005993
0.002075
0.043415
0.023467
0.005961
0.002066
0.045963
0.024398
0.00591
0.002224
0.045163
0.024367
0.005285
0.002882
0.042555
0.023977
0.006548
0.0017
0.043825
0.020453
0.005097
0.003094
0.047632
0.026648
0.005928
0.002307
0.040119
0.018524
0.005859
0.002427
0.044857
0.021531
0.005269
0.003107
0.045291
0.024862
0.005635
0.002686
0.041001
0.019473
0.005865
0.002488
0.043858
0.019653
0.005442
0.003006
0.045212
0.023454
0.005215
0.003192
0.042143
0.021376
0.005818
0.002664
0.043258
0.019451
0.005696
0.002781
0.044853
0.019877
0.005846
0.002687
0.044912
0.017894
0.005603
0.003047
0.042389
0.018871
0.005185
0.003424
0.041862
0.01961
0.005185
0.003426
0.041889
0.019667
0.005195
0.003416
0.041828
0.019584
0.005198
0.003412
0.041852
0.019576
0.005197
0.003413
0.041935
0.019636
0.005201
0.003409
0.041934
0.019625
0.005202
0.003408
0.041915
0.019606
0.005198
0.003412
0.041898
0.019602
0.005196
0.003414
0.041904
0.019614
0.005189
0.003422
0.04191
0.019658
0.005185
0.003425
0.041863
0.019636
0.005188
0.003422
0.041829
0.019602
0.005191
0.003419
0.041865
0.019616
0.005194
0.003415
0.041932
0.019645
0.005203
0.003408
0.041885
0.019589
0.005195
0.003415
0.041891
0.019618
0.00519
0.00342
0.041847
0.019602
0.005186
0.003424
0.041873
0.019642
0.005199
0.003411
0.041811
0.019544
0.005189
0.003422
0.041953
0.019689
0.005194
0.003416
0.041922
0.019638
0.005194
0.003416
0.041922
0.019638
