0.00013
0.000422
0.003471
0.002946
0.000042
0.000983
0.00409
0.003022
0.000219
0.000816
0.004927
0.004313
0.000205
0.000828
0.004814
0.004162
0.000194
0.000808
0.004702
0.004066
0.000197
0.00081
0.004705
0.00407
0.000201
0.000873
0.004295
0.003607
0.000264
0.001002
0.004147
0.003408
0.000418
0.001028
0.005834
0.005191
0.000295
0.001124
0.003962
0.003076
0.000485
0.001198
0.005649
0.004908
0.000529
0.001183
0.006084
0.005347
0.000394
0.001331
0.004461
0.003386
0.000575
0.001499
0.00586
0.004856
0.000632
0.001456
0.00643
0.005493
0.000745
0.001411
0.006883
0.006126
0.000908
0.002896
0.014074
0.011794
0.000729
0.001427
0.004536
0.004001
0.000988
0.001675
0.007907
0.007081
0.000858
0.001738
0.006863
0.005747
0.000914
0.001776
0.007423
0.006357
0.000973
0.001685
0.007768
0.006829
0.000971
0.0017
0.007822
0.006848
0.000663
0.001981
0.004534
0.002917
0.001162
0.001856
0.008471
0.007599
0.001139
0.001879
0.008969
0.007989
0.001122
0.001869
0.008455
0.007373
0.001081
0.002052
0.008198
0.00682
0.000977
0.002226
0.00688
0.005303
0.001123
0.002107
0.008197
0.006917
0.001221
0.001802
0.007904
0.007088
0.001379
0.002365
0.010179
0.00866
0.00136
0.002295
0.009612
0.008242
0.001327
0.002309
0.009156
0.007669
0.001366
0.002105
0.009164
0.00798
0.001433
0.002961
0.009111
0.006921
0.001249
0.002102
0.007731
0.006665
0.001462
0.002397
0.010573
0.009044
0.00151
0.002568
0.010237
0.008501
0.001529
0.002253
0.00955
0.0083
0.001671
0.002767
0.011662
0.009774
0.001551
0.002871
0.010596
0.008542
0.001594
0.002601
0.010867
0.009178
0.001566
0.002737
0.009618
0.007748
0.001562
0.002285
0.009418
0.008192
0.00191
0.003604
0.013576
0.010748
0.001795
0.002587
0.010956
0.009391
0.001842
0.003578
0.012444
0.009477
0.001861
0.003426
0.011779
0.009254
0.001951
0.002933
0.012893
0.010959
0.002139
0.004256
0.015173
0.011414
0.002295
0.003492
0.011963
0.010069
0.002104
0.002777
0.012217
0.010449
0.002275
0.003747
0.014223
0.011208
0.00214
0.003114
0.013016
0.010877
0.002116
0.002958
0.012292
0.010108
0.00211
0.002929
0.012316
0.010133
0.002164
0.003329
0.012961
0.010303
0.002209
0.003947
0.014342
0.010839
0.002197
0.002925
0.012323
0.010276
0.002477
0.004108
0.015725
0.012236
0.002233
0.003044
0.013
0.010714
0.002232
0.003065
0.012844
0.010465
0.002386
0.004318
0.01515
0.01111
0.00242
0.003578
0.013833
0.011003
0.002351
0.003425
0.013878
0.011185
0.002347
0.003146
0.013235
0.010706
0.002349
0.003147
0.01317
0.01063
0.002526
0.004378
0.015929
0.011745
0.002536
0.003797
0.014542
0.011361
0.002558
0.003759
0.014692
0.011598
0.002672
0.003914
0.015294
0.01197
0.002546
0.003754
0.014509
0.011345
0.002442
0.003383
0.014715
0.011854
0.002679
0.004451
0.015861
0.011613
0.002562
0.003371
0.014205
0.011356
0.002852
0.004705
0.017277
0.012766
0.002574
0.003406
0.014548
0.011611
0.002708
0.004008
0.015486
0.011774
0.002698
0.004565
0.015986
0.011478
0.00277
0.003983
0.015068
0.011517
0.002681
0.003456
0.01448
0.011379
0.002683
0.003497
0.014472
0.011256
0.002841
0.004147
0.016126
0.012173
0.002704
0.004113
0.015398
0.011306
0.00284
0.005262
0.016801
0.011321
0.002971
0.005028
0.017658
0.01242
0.003158
0.005709
0.01854
0.013654
0.002831
0.00372
0.016927
0.013351
0.003045
0.00436
0.016665
0.012198
0.002918
0.003731
0.015621
0.01191
0.002904
0.003708
0.015482
0.011763
0.003482
0.005967
0.020383
0.014036
0.00329
0.004707
0.017668
0.013015
0.003116
0.003853
0.016784
0.012943
0.002997
0.003773
0.015787
0.011859
0.003662
0.006344
0.021386
0.014317
0.003081
0.003899
0.016632
0.012682
0.003048
0.00382
0.015828
0.011749
0.003079
0.003866
0.016181
0.012024
0.00334
0.004853
0.018316
0.012896
0.003128
0.003908
0.016425
0.012308
0.003105
0.003882
0.016148
0.011965
0.003616
0.005843
0.020412
0.013695
0.003172
0.00397
0.016743
0.012546
0.004067
0.007179
0.023291
0.01482
0.003395
0.004201
0.017308
0.012977
0.003402
0.004825
0.018618
0.013123
0.003398
0.004997
0.018311
0.012423
0.003341
0.004096
0.017187
0.012515
0.003555
0.005043
0.019084
0.013136
0.003536
0.006073
0.019462
0.011683
0.003076
0.004567
0.018648
0.012635
0.003568
0.00523
0.019613
0.013146
0.003465
0.004199
0.017804
0.012781
0.003415
0.004152
0.017445
0.012379
0.004331
0.006381
0.021548
0.015048
0.003745
0.005559
0.020189
0.013248
0.003441
0.004313
0.017959
0.01246
0.003648
0.005184
0.01851
0.011938
0.003574
0.005281
0.019233
0.012428
0.003587
0.004348
0.018137
0.012718
0.003528
0.004256
0.017969
0.012576
0.00353
0.004259
0.017941
0.012541
0.003833
0.005355
0.020042
0.013202
0.003549
0.00426
0.018123
0.012759
0.004442
0.007472
0.024095
0.014565
0.003775
0.005555
0.019192
0.012168
0.00367
0.005385
0.020431
0.01311
0.003738
0.004425
0.018909
0.013031
0.004073
0.00565
0.020903
0.013298
0.003744
0.004422
0.018842
0.012951
0.004682
0.007802
0.024964
0.014533
0.003727
0.005592
0.020395
0.012382
0.003948
0.004606
0.019782
0.013319
0.004546
0.006947
0.023406
0.013669
0.00391
0.004462
0.019862
0.013544
0.004355
0.005881
0.02207
0.013787
0.004059
0.005951
0.02029
0.01144
0.003957
0.004653
0.018984
0.012157
0.003972
0.004615
0.019749
0.012979
0.004362
0.005925
0.022008
0.013386
0.004116
0.00599
0.020067
0.011036
0.003955
0.004537
0.019165
0.012286
0.004022
0.004626
0.019962
0.012989
0.00403
0.004667
0.019908
0.012886
0.004448
0.006003
0.022191
0.013336
0.004076
0.004664
0.020383
0.013327
0.005497
0.00892
0.027435
0.014606
0.004192
0.004792
0.021233
0.013878
0.004949
0.007361
0.025098
0.014205
0.00423
0.004809
0.020962
0.013354
0.004613
0.006107
0.022963
0.013548
0.004252
0.004851
0.021002
0.013185
0.004659
0.006157
0.023065
0.013454
0.004561
0.006502
0.021571
0.010997
0.004189
0.004902
0.020501
0.012289
0.004291
0.004802
0.020732
0.012838
0.004314
0.004865
0.021076
0.013039
0.005252
0.007697
0.025656
0.013749
0.004654
0.006796
0.021409
0.01028
0.005074
0.007957
0.023591
0.011051
0.004994
0.007386
0.023309
0.01116
0.004188
0.005525
0.022678
0.012761
0.005055
0.006664
0.023659
0.012557
0.004744
0.005962
0.02204
0.012344
0.005038
0.006842
0.023958
0.012688
0.005515
0.008675
0.026273
0.012033
0.004628
0.005267
0.022471
0.01324
0.004674
0.005198
0.022398
0.013297
0.004603
0.005075
0.022289
0.013246
0.004592
0.005092
0.022097
0.012955
0.005164
0.006662
0.02454
0.013181
0.004639
0.005171
0.022304
0.013026
0.004628
0.00512
0.022224
0.012988
0.005115
0.006575
0.024501
0.013174
0.004672
0.005183
0.022406
0.013007
0.004661
0.005131
0.022355
0.012982
0.004659
0.00514
0.022394
0.012962
0.005708
0.008153
0.027021
0.013325
0.004753
0.005287
0.022602
0.0129
0.005203
0.006668
0.024904
0.013155
0.00526
0.007253
0.023875
0.010761
0.004866
0.005414
0.023018
0.012763
0.004832
0.005284
0.023127
0.013043
0.005362
0.006788
0.025227
0.013024
0.004872
0.005359
0.023076
0.012828
0.005388
0.006803
0.025403
0.013095
0.004852
0.005327
0.023073
0.012647
0.004882
0.005299
0.023081
0.012801
0.006185
0.008637
0.028189
0.013074
0.00528
0.007236
0.026635
0.013185
0.004904
0.005386
0.023368
0.012678
0.006091
0.008534
0.028115
0.012922
0.005005
0.005694
0.023732
0.012263
0.005015
0.00543
0.023086
0.012219
0.004992
0.005337
0.02376
0.012764
0.005059
0.00541
0.024012
0.012988
0.006478
0.008922
0.029019
0.01284
0.005166
0.005792
0.024183
0.012348
0.005088
0.005375
0.023525
0.012497
0.005788
0.007119
0.026462
0.012694
0.00601
0.008038
0.026227
0.010493
0.005504
0.006333
0.024942
0.012106
0.005267
0.005674
0.025288
0.01333
0.005232
0.005578
0.02481
0.013061
0.005217
0.005539
0.024664
0.012912
0.005939
0.007285
0.027038
0.012697
0.005324
0.005819
0.024718
0.012463
0.00681
0.009193
0.029757
0.012575
0.00569
0.006519
0.025118
0.011726
0.005301
0.005559
0.024213
0.012084
0.006094
0.00736
0.027235
0.012367
0.005605
0.006157
0.025508
0.012398
0.005345
0.005592
0.024879
0.012457
0.005375
0.005605
0.024968
0.01256
0.006111
0.007388
0.027657
0.012517
0.005619
0.00612
0.025389
0.012123
0.005401
0.005597
0.025
0.012375
0.005408
0.005593
0.025137
0.012536
0.00543
0.005636
0.025484
0.012768
0.006943
0.009246
0.030447
0.012283
0.005843
0.006523
0.025649
0.011601
0.006412
0.007684
0.027678
0.011857
0.005908
0.006591
0.026527
0.01191
0.005545
0.005791
0.025881
0.012303
0.006354
0.007589
0.028441
0.012256
0.005752
0.006148
0.025973
0.011975
0.005607
0.0058
0.025709
0.012101
0.005564
0.005724
0.025746
0.012264
0.005585
0.005735
0.026029
0.012478
0.005618
0.00577
0.026191
0.012596
0.007135
0.009371
0.031054
0.011939
0.006981
0.009462
0.027754
0.00767
0.006279
0.007326
0.026739
0.010386
0.005885
0.00605
0.028231
0.013786
0.005743
0.005861
0.026763
0.012525
0.006579
0.007726
0.029136
0.012033
0.00604
0.00644
0.026856
0.011615
0.007541
0.009801
0.0318
0.011373
0.006367
0.007099
0.027482
0.011065
0.005867
0.005878
0.026293
0.011642
0.006667
0.007712
0.029206
0.011576
0.007182
0.008994
0.03008
0.010026
0.00652
0.007323
0.028499
0.011058
0.006029
0.006036
0.027718
0.012238
0.006006
0.005999
0.027743
0.012267
0.006822
0.007851
0.030163
0.011752
0.006351
0.006753
0.028051
0.011234
0.007091
0.00826
0.030432
0.011343
0.008534
0.011489
0.034842
0.010456
0.008542
0.011484
0.030891
0.005592
0.006555
0.008172
0.028757
0.007928
0.0065
0.006549
0.030936
0.013345
0.006285
0.006157
0.028854
0.012083
0.006261
0.006132
0.028845
0.012037
0.007243
0.008138
0.031393
0.011346
0.007783
0.009467
0.031132
0.008482
0.008152
0.010238
0.031228
0.007363
0.007364
0.008318
0.030437
0.009699
0.006855
0.00733
0.030474
0.010992
0.00648
0.006249
0.029998
0.012415
0.006445
0.006212
0.02993
0.012367
0.00643
0.006197
0.029387
0.011744
0.007327
0.008121
0.031831
0.011016
0.006861
0.007162
0.030035
0.010569
0.00646
0.006227
0.029261
0.011197
0.008426
0.01019
0.034506
0.010025
0.007329
0.008298
0.031797
0.009741
0.006597
0.006432
0.029557
0.010607
0.006577
0.006253
0.029638
0.011197
0.006628
0.006316
0.030297
0.011691
0.007634
0.008337
0.0329
0.010875
0.008301
0.009854
0.033615
0.008578
0.008718
0.010793
0.033118
0.006373
0.008343
0.009977
0.031105
0.006554
0.008432
0.010478
0.033344
0.007022
0.007789
0.009558
0.033366
0.008448
0.006957
0.007067
0.031243
0.010196
0.008162
0.008954
0.034368
0.010748
0.008803
0.010397
0.035878
0.009165
0.007593
0.008321
0.032088
0.007739
0.008497
0.009634
0.032709
0.00688
0.009121
0.010826
0.035601
0.007811
0.008191
0.008732
0.033791
0.009225
0.007125
0.006636
0.03201
0.010455
0.007142
0.006616
0.03207
0.010618
0.008113
0.008544
0.034575
0.009778
0.008894
0.010123
0.035829
0.008094
0.009499
0.011349
0.036086
0.005723
0.010129
0.012276
0.03568
0.004288
0.008623
0.009608
0.033649
0.006445
0.007701
0.007359
0.033394
0.009842
0.007549
0.006943
0.03382
0.010751
0.008506
0.008711
0.036458
0.01044
0.008163
0.00829
0.035852
0.010068
0.007912
0.007606
0.033136
0.008166
0.008787
0.00929
0.036013
0.008099
0.009446
0.010664
0.037354
0.006921
0.010083
0.011839
0.038091
0.005336
0.008831
0.009426
0.034622
0.005342
0.010279
0.011667
0.038462
0.00603
0.009097
0.009603
0.037352
0.007523
0.008066
0.00751
0.034933
0.008281
0.007792
0.006932
0.034672
0.00915
0.007773
0.006817
0.034876
0.009589
0.007831
0.006884
0.035187
0.009715
0.007835
0.006924
0.035084
0.009375
0.007852
0.006947
0.035115
0.009383
0.007854
0.006957
0.035128
0.009386
0.008933
0.008922
0.037556
0.008305
0.008303
0.008123
0.036281
0.007556
0.008005
0.007324
0.035644
0.008437
0.009103
0.009152
0.038267
0.008238
0.009974
0.010768
0.03932
0.006158
0.009124
0.00945
0.037774
0.0063
0.00824
0.007871
0.036802
0.007979
0.008161
0.00719
0.036944
0.009788
0.008036
0.006951
0.036413
0.00954
0.008056
0.00698
0.035931
0.008943
0.008076
0.007013
0.036025
0.008939
0.008077
0.007021
0.036178
0.009036
0.008091
0.007051
0.036102
0.008911
0.009195
0.009017
0.038514
0.00778
0.008458
0.008141
0.037404
0.007043
0.008229
0.007421
0.036637
0.007659
0.008228
0.007116
0.036768
0.008943
0.00924
0.008966
0.038819
0.007575
0.008555
0.008145
0.037658
0.006762
0.008349
0.007525
0.037067
0.007413
0.009602
0.009461
0.039861
0.007194
0.009214
0.009025
0.039403
0.007055
0.010285
0.010777
0.04008
0.004914
0.009427
0.009536
0.039168
0.005423
0.010431
0.011005
0.03885
0.003284
0.009713
0.009816
0.038553
0.005046
0.009164
0.008537
0.039214
0.008053
0.008568
0.007506
0.038416
0.008316
0.00974
0.00936
0.040499
0.007173
0.009027
0.008466
0.039065
0.005912
0.008764
0.00779
0.038628
0.006649
0.008688
0.007374
0.038951
0.008098
0.008638
0.007286
0.038303
0.007744
0.008611
0.007246
0.038395
0.007896
0.0097
0.009108
0.040579
0.006695
0.009039
0.008339
0.039512
0.005813
0.00879
0.007752
0.038934
0.006272
0.010021
0.009606
0.041535
0.006148
0.00948
0.008876
0.039918
0.0051
0.01066
0.010649
0.041769
0.004301
0.011673
0.012236
0.043954
0.00379
0.009672
0.009816
0.042961
0.004064
0.010547
0.011117
0.042682
0.001918
0.010399
0.010656
0.041939
0.002146
0.012115
0.012812
0.043416
0.001102
0.012261
0.013486
0.046633
0.001418
0.012463
0.014181
0.047443
0.000399
0.011192
0.011919
0.04339
0.000853
0.012453
0.013093
0.040115
0.003307
0.011544
0.011697
0.045829
0.00538
0.009976
0.009726
0.044911
0.005339
0.010376
0.009847
0.04306
0.004575
0.010808
0.010107
0.043289
0.004555
0.009858
0.008611
0.043381
0.005222
0.009711
0.007967
0.042721
0.005125
0.00961
0.007774
0.041762
0.004796
0.009524
0.00765
0.042079
0.005629
0.009488
0.007605
0.04211
0.005841
0.010273
0.008977
0.044328
0.00573
0.011541
0.010931
0.046082
0.003454
0.010602
0.009839
0.044792
0.002693
0.010213
0.009009
0.042801
0.002344
0.009836
0.008241
0.043375
0.004613
0.009729
0.007789
0.043347
0.005822
0.009616
0.007559
0.042938
0.005689
0.009628
0.007567
0.042891
0.005574
0.009646
0.007592
0.042884
0.005426
0.009672
0.007632
0.043043
0.005389
0.009672
0.007635
0.043056
0.005385
0.011824
0.010995
0.046958
0.002966
0.010577
0.009594
0.045141
0.00154
0.010347
0.008958
0.043248
0.001071
0.010127
0.008417
0.04496
0.00466
0.010249
0.008442
0.045232
0.005233
0.010032
0.008005
0.044078
0.004865
0.009859
0.00769
0.043842
0.004874
0.009856
0.007681
0.043852
0.00489
0.009864
0.007688
0.043957
0.004965
0.00987
0.007698
0.043995
0.00495
0.009872
0.007707
0.043925
0.004818
0.009882
0.007721
0.043985
0.004858
0.010918
0.009325
0.045818
0.003618
0.010293
0.008662
0.045148
0.003031
0.010224
0.008417
0.044225
0.00271
0.011357
0.010042
0.04598
0.001905
0.012381
0.011537
0.0481
0.001281
0.012107
0.011182
0.048156
0.001236
0.011201
0.009903
0.047162
0.00147
0.010915
0.009206
0.045848
0.001905
0.010413
0.008476
0.046161
0.003456
0.01342
0.012927
0.050854
0.000288
0.011085
0.010014
0.048235
0.000734
0.011297
0.009995
0.048178
0.001598
0.01151
0.009884
0.047759
0.002403
0.01095
0.009001
0.046679
0.00259
0.010565
0.008302
0.046647
0.003387
0.009695
0.006879
0.044247
0.004174
0.010638
0.008321
0.046697
0.003428
0.011446
0.00961
0.048332
0.002215
0.00962
0.006784
0.044493
0.0044
0.010592
0.008243
0.046774
0.003567
0.010436
0.008084
0.04656
0.003409
0.011451
0.00956
0.048053
0.00206
0.010307
0.007895
0.046056
0.003095
0.011401
0.009459
0.047797
0.001989
0.012062
0.010572
0.049364
0.000794
0.012689
0.011617
0.050645
0.000391
0.011782
0.010449
0.050091
0.000297
0.013078
0.012034
0.05029
0.00141
0.011851
0.010527
0.050346
0.00068
0.011526
0.009686
0.048134
0.001275
0.012499
0.010955
0.050817
0.000266
0.011834
0.01009
0.051496
0.000925
0.011436
0.009352
0.04948
0.000165
0.011033
0.008643
0.047751
0.000138
0.011985
0.009902
0.05094
0.000785
0.011413
0.009276
0.050307
0.00045
0.011306
0.009021
0.049207
0.000061
0.011302
0.00885
0.049507
0.001171
0.011114
0.008488
0.049323
0.001735
0.010912
0.00814
0.049066
0.001804
0.010857
0.00798
0.049145
0.001932
0.011456
0.00895
0.050621
0.000901
0.011248
0.008711
0.050061
0.000487
0.011363
0.008725
0.049391
0.000278
0.011799
0.009527
0.05082
0.00045
0.012492
0.010543
0.052334
0.001194
0.012001
0.009905
0.052053
0.001075
0.012023
0.009597
0.051062
0.000886
0.012365
0.010216
0.051591
0.001756
0.011997
0.009723
0.052396
0.000741
0.011892
0.009351
0.052262
0.000041
0.011347
0.008505
0.050316
0.000445
0.011916
0.009332
0.050786
0.001687
0.011616
0.00899
0.05212
0.000287
0.012596
0.010212
0.053258
0.000975
0.012849
0.010752
0.05378
0.002335
0.012424
0.010196
0.053245
0.002417
0.013265
0.011236
0.053462
0.003338
0.013282
0.011475
0.054902
0.003626
0.013312
0.011445
0.054892
0.003432
0.013828
0.012172
0.055202
0.004364
0.013797
0.01232
0.05597
0.004962
0.014991
0.013614
0.0564
0.005547
0.013449
0.011826
0.056177
0.004712
0.014549
0.013027
0.05281
0.007402
0.01329
0.011556
0.051399
0.007079
0.014584
0.012791
0.056937
0.002081
0.013758
0.011933
0.055583
0.002953
0.014073
0.012024
0.051769
0.005666
0.012636
0.010306
0.051882
0.003879
0.012769
0.010304
0.053278
0.002518
0.013011
0.010391
0.053129
0.002404
0.012389
0.009614
0.052055
0.002956
0.012102
0.009105
0.052128
0.002597
0.013103
0.010452
0.05404
0.003606
0.01256
0.009879
0.053065
0.004154
0.012619
0.009781
0.051953
0.004445
0.012413
0.009411
0.052597
0.003146
0.012822
0.009969
0.05332
0.003532
0.012658
0.009801
0.052823
0.003893
0.012565
0.009634
0.051814
0.004402
0.012301
0.009256
0.052257
0.003705
0.012754
0.009854
0.053121
0.004101
0.012515
0.009584
0.052491
0.004415
0.012517
0.009491
0.051883
0.004503
0.012418
0.009292
0.05184
0.003896
0.012824
0.009836
0.052214
0.00455
0.013525
0.010852
0.053228
0.005959
0.013202
0.010528
0.052842
0.005966
0.01326
0.010444
0.052073
0.00596
0.012896
0.009901
0.051735
0.005299
0.012715
0.009561
0.051085
0.004741
0.013147
0.01028
0.051197
0.006327
0.013863
0.01126
0.052139
0.007504
0.013905
0.011289
0.051949
0.007592
0.013578
0.010886
0.051293
0.00744
0.014012
0.0114
0.051257
0.008049
0.013687
0.011035
0.051548
0.00743
0.014181
0.011609
0.051439
0.00806
0.013881
0.011298
0.051176
0.008075
0.014488
0.011965
0.050892
0.00888
0.014016
0.011491
0.050858
0.008608
0.014497
0.012033
0.050717
0.009265
0.013916
0.011314
0.050032
0.00872
0.014021
0.011531
0.050546
0.009184
0.014773
0.012347
0.050431
0.009798
0.014511
0.012009
0.050164
0.009266
0.014238
0.011611
0.049188
0.008687
0.014083
0.011308
0.047608
0.008378
0.014067
0.01125
0.04745
0.008326
0.013941
0.011056
0.047351
0.008327
0.013884
0.010947
0.047364
0.008335
0.013831
0.010867
0.047338
0.00837
0.014066
0.011213
0.047607
0.008902
0.014056
0.0112
0.047268
0.009054
0.014058
0.011193
0.047027
0.009089
0.014272
0.011511
0.047368
0.009501
0.014479
0.011821
0.047388
0.010111
0.014466
0.011794
0.047002
0.010173
0.014518
0.011827
0.046705
0.010127
0.014468
0.011746
0.04637
0.009824
0.014451
0.01172
0.046251
0.009699
0.014444
0.011688
0.045965
0.009595
0.014409
0.011642
0.045895
0.009633
0.014386
0.011603
0.045882
0.009646
0.014618
0.011934
0.046067
0.010166
0.014611
0.011925
0.0459
0.010227
0.014349
0.011558
0.045543
0.009774
0.014115
0.011215
0.045478
0.009179
0.014387
0.011592
0.045815
0.009626
0.014392
0.011597
0.04582
0.009633
0.014398
0.011656
0.04638
0.010072
0.014625
0.011933
0.045962
0.010183
0.014608
0.011914
0.045698
0.010274
0.014818
0.012222
0.04571
0.010831
0.014826
0.012223
0.045542
0.010808
0.014815
0.012209
0.045488
0.010773
0.01503
0.012518
0.045415
0.011312
0.01524
0.012814
0.045351
0.011879
0.015237
0.012796
0.044971
0.011826
0.015213
0.01274
0.044564
0.011557
0.015407
0.013024
0.044187
0.012126
0.015424
0.013029
0.044184
0.011969
0.015424
0.013026
0.044151
0.011903
0.015626
0.013314
0.043936
0.012461
0.016036
0.013899
0.043818
0.013504
0.016218
0.014161
0.043474
0.014122
0.016428
0.014452
0.043171
0.014674
0.016407
0.014426
0.042889
0.014505
0.016433
0.014431
0.042389
0.01405
0.016453
0.014432
0.041491
0.01363
0.016464
0.014449
0.040557
0.013509
0.016503
0.01451
0.040577
0.013489
0.016536
0.014564
0.040611
0.013468
0.016541
0.014572
0.040618
0.013467
0.01654
0.014572
0.040616
0.013469
0.01654
0.014572
0.040616
0.013469
