0.000194
0.000327
0.002908
0.002406
0.000056
0.000585
0.003606
0.002965
0.000053
0.000524
0.003636
0.003072
0.000049
0.00052
0.003625
0.003066
0.000051
0.000522
0.003614
0.003045
0.0001
0.000775
0.005388
0.004752
0.000061
0.000755
0.003397
0.002709
0.000188
0.00089
0.004142
0.003451
0.00023
0.000851
0.004692
0.004049
0.000221
0.000878
0.004415
0.003739
0.000261
0.000925
0.004633
0.003952
0.000279
0.000911
0.00484
0.004176
0.000276
0.000913
0.004815
0.004145
0.000273
0.000946
0.004611
0.003911
0.000302
0.001016
0.004518
0.003781
0.000357
0.001052
0.004988
0.00426
0.000379
0.001025
0.005193
0.004497
0.000352
0.00104
0.004802
0.004069
0.000398
0.001052
0.005238
0.004535
0.000359
0.001123
0.004622
0.003805
0.00045
0.001099
0.005567
0.00487
0.000402
0.001141
0.00502
0.004207
0.000462
0.00112
0.005498
0.004786
0.000428
0.001158
0.005072
0.00427
0.000468
0.001219
0.005423
0.004597
0.000498
0.001163
0.005557
0.004825
0.000489
0.001167
0.005515
0.004757
0.000467
0.001188
0.005153
0.004357
0.000511
0.001233
0.005428
0.004632
0.000521
0.00125
0.005418
0.004611
0.00054
0.001272
0.005483
0.004667
0.000568
0.001249
0.005809
0.005032
0.000523
0.001319
0.005535
0.004607
0.000587
0.001254
0.00591
0.005157
0.000578
0.001274
0.005795
0.004992
0.000546
0.001318
0.00545
0.00456
0.000617
0.001427
0.005881
0.004969
0.000637
0.001333
0.006032
0.005223
0.000555
0.001356
0.005097
0.004183
0.000645
0.001407
0.005988
0.005104
0.000674
0.001468
0.006093
0.005159
0.000693
0.001484
0.006156
0.005222
0.000685
0.001411
0.006088
0.005232
0.000639
0.001487
0.005367
0.004373
0.000746
0.001425
0.006449
0.005618
0.000698
0.001503
0.005854
0.00487
0.000741
0.001536
0.006244
0.005283
0.000771
0.001481
0.006361
0.005486
0.00076
0.001484
0.006331
0.005423
0.000727
0.001536
0.006
0.004998
0.000775
0.001576
0.00635
0.00537
0.000797
0.001511
0.006437
0.005545
0.000745
0.001546
0.005989
0.004992
0.000797
0.001586
0.006343
0.005366
0.000823
0.001554
0.006571
0.005636
0.000815
0.001549
0.006496
0.005549
0.000735
0.001616
0.005679
0.004592
0.000852
0.001563
0.006845
0.005931
0.000717
0.001766
0.005565
0.004246
0.000874
0.001658
0.006987
0.005988
0.000876
0.001728
0.006601
0.005495
0.000923
0.001738
0.006904
0.005858
0.000926
0.001667
0.006807
0.005799
0.000921
0.001671
0.006811
0.005785
0.001268
0.002281
0.009725
0.008492
0.000883
0.001752
0.006061
0.004899
0.000944
0.001774
0.00701
0.005907
0.00095
0.001889
0.006809
0.005583
0.000976
0.001719
0.006923
0.005905
0.000983
0.001744
0.006993
0.005915
0.00094
0.001809
0.006668
0.005463
0.00101
0.001839
0.00719
0.006061
0.000982
0.001836
0.006803
0.005625
0.000997
0.001861
0.006976
0.005772
0.00101
0.001762
0.006854
0.005804
0.000864
0.002124
0.006154
0.004434
0.001055
0.001849
0.007427
0.006314
0.001038
0.002063
0.006967
0.00552
0.001095
0.001798
0.006757
0.005766
0.00111
0.002029
0.007663
0.006275
0.001126
0.00197
0.007368
0.006133
0.001136
0.001901
0.007368
0.006163
0.001092
0.001973
0.007055
0.005729
0.001131
0.002021
0.007369
0.006034
0.001158
0.002052
0.007591
0.006256
0.001169
0.001936
0.007447
0.006216
0.001134
0.002046
0.007297
0.005885
0.001208
0.00221
0.007775
0.006304
0.001142
0.002175
0.007299
0.005779
0.001168
0.002031
0.007735
0.006384
0.001239
0.002147
0.007867
0.006435
0.001161
0.002244
0.007426
0.005768
0.001239
0.00208
0.007897
0.006544
0.001259
0.00218
0.007684
0.006193
0.001284
0.002066
0.007759
0.006412
0.001189
0.002485
0.007867
0.005811
0.001316
0.002058
0.007692
0.006424
0.001327
0.002118
0.008063
0.006664
0.001284
0.002243
0.007855
0.006226
0.001291
0.002138
0.007673
0.006241
0.001321
0.00227
0.008008
0.006391
0.001341
0.002236
0.007995
0.00648
0.001365
0.002161
0.0081
0.006664
0.001351
0.002161
0.007964
0.006477
0.001329
0.002264
0.007772
0.00614
0.001247
0.00252
0.007523
0.005486
0.001411
0.002109
0.007595
0.006348
0.001491
0.002587
0.00929
0.007369
0.00142
0.002219
0.008096
0.006575
0.001388
0.002386
0.008264
0.006441
0.001436
0.002225
0.008058
0.006546
0.001399
0.002527
0.008218
0.006233
0.001446
0.002227
0.008052
0.006546
0.001466
0.002446
0.008611
0.006776
0.00146
0.002368
0.00805
0.006407
0.001472
0.002263
0.008285
0.006677
0.001411
0.002605
0.00841
0.006255
0.001458
0.002337
0.008395
0.006711
0.00152
0.002581
0.00903
0.007031
0.001444
0.002369
0.008574
0.006799
0.001524
0.002543
0.008778
0.006828
0.001523
0.002316
0.008303
0.006651
0.001526
0.002481
0.008411
0.006529
0.001538
0.002347
0.008456
0.006737
0.001536
0.002363
0.008442
0.006689
0.001511
0.002516
0.008457
0.00647
0.001551
0.002515
0.008622
0.006746
0.001537
0.00258
0.008823
0.006777
0.001629
0.002694
0.00887
0.006878
0.001593
0.002411
0.008637
0.006848
0.001582
0.002409
0.00862
0.006783
0.001535
0.002778
0.008836
0.006426
0.001603
0.002388
0.008287
0.00658
0.001609
0.002446
0.008646
0.006777
0.001579
0.002614
0.008732
0.00659
0.001663
0.002782
0.009031
0.00687
0.00163
0.002478
0.008896
0.007024
0.001628
0.002749
0.008466
0.006249
0.001657
0.002453
0.008696
0.006852
0.001709
0.002678
0.009257
0.007152
0.001688
0.002895
0.009119
0.00672
0.001586
0.002629
0.009068
0.006844
0.001679
0.002614
0.008873
0.006838
0.001701
0.002528
0.009009
0.00701
0.001698
0.002534
0.008878
0.006846
0.001679
0.002737
0.009061
0.006715
0.001758
0.002907
0.009214
0.006852
0.001735
0.002562
0.009024
0.006973
0.001707
0.003306
0.009007
0.00595
0.001782
0.002656
0.009364
0.007254
0.001788
0.002782
0.009168
0.006837
0.001786
0.002792
0.009176
0.006826
0.001768
0.003105
0.009699
0.006813
0.001769
0.002891
0.009396
0.006931
0.001819
0.002817
0.009519
0.007094
0.001829
0.003058
0.009214
0.006473
0.001858
0.002658
0.009131
0.006916
0.001892
0.003192
0.010103
0.007111
0.001861
0.002917
0.009684
0.007061
0.0019
0.003374
0.009624
0.006449
0.001894
0.00274
0.009022
0.006748
0.001952
0.003024
0.010273
0.007496
0.001882
0.003162
0.009196
0.0062
0.001919
0.003
0.010013
0.007225
0.00198
0.002805
0.009677
0.007194
0.001945
0.003301
0.010036
0.006746
0.001863
0.002954
0.009815
0.006923
0.001968
0.003026
0.009784
0.006942
0.001997
0.003043
0.009872
0.00702
0.002008
0.002824
0.009729
0.007104
0.00204
0.003319
0.009933
0.006693
0.001926
0.00299
0.010072
0.007102
0.00202
0.003413
0.010261
0.006777
0.001991
0.003041
0.010311
0.007329
0.002099
0.003418
0.010237
0.006852
0.001982
0.00306
0.010268
0.007148
0.002129
0.003331
0.010692
0.007297
0.002072
0.003968
0.009618
0.005403
0.002108
0.003214
0.010581
0.007293
0.002163
0.003297
0.010607
0.007234
0.002158
0.003253
0.010498
0.007171
0.002183
0.003334
0.010585
0.007113
0.002193
0.003024
0.010271
0.007222
0.002216
0.003311
0.010567
0.007116
0.002176
0.003299
0.010338
0.006866
0.002201
0.00363
0.010584
0.006651
0.002179
0.003578
0.010463
0.0066
0.002229
0.003032
0.010305
0.007122
0.002295
0.004077
0.011648
0.006906
0.002295
0.003424
0.010902
0.007217
0.002329
0.00375
0.010989
0.006845
0.002188
0.003392
0.011003
0.007091
0.002282
0.003439
0.01081
0.006972
0.002285
0.003432
0.010982
0.007143
0.002374
0.003939
0.011791
0.007189
0.002397
0.003216
0.010654
0.00718
0.002423
0.003858
0.011375
0.006927
0.002241
0.003443
0.011201
0.007081
0.002428
0.003225
0.010896
0.007352
0.002445
0.003581
0.011366
0.007257
0.002382
0.003598
0.011112
0.006901
0.002332
0.004199
0.010608
0.005453
0.00211
0.003906
0.011179
0.006122
0.002549
0.004896
0.012506
0.006361
0.002463
0.003721
0.011519
0.006924
0.002542
0.00335
0.011141
0.007213
0.002609
0.003846
0.012327
0.007544
0.002555
0.003373
0.011443
0.007408
0.002549
0.003364
0.011375
0.007329
0.002585
0.004228
0.012456
0.006912
0.002605
0.003402
0.011272
0.007228
0.002577
0.003384
0.011502
0.007402
0.002599
0.003788
0.011861
0.007105
0.002592
0.003391
0.011424
0.007313
0.002598
0.003821
0.01204
0.00716
0.002608
0.00341
0.011478
0.007328
0.002592
0.0034
0.011554
0.007386
0.002639
0.004272
0.012572
0.006912
0.002645
0.004172
0.011797
0.006688
0.002695
0.004502
0.012996
0.007095
0.002623
0.003736
0.011816
0.007081
0.00276
0.004424
0.012988
0.007136
0.002586
0.003644
0.011496
0.006719
0.002801
0.004412
0.012699
0.006857
0.002784
0.007038
0.013299
0.002866
0.002652
0.004472
0.012198
0.005638
0.002894
0.003736
0.011989
0.006922
0.002958
0.004149
0.01306
0.007366
0.002956
0.004211
0.012726
0.00697
0.002887
0.003701
0.012556
0.007398
0.002885
0.00366
0.012452
0.007361
0.002932
0.004156
0.013009
0.007064
0.002947
0.004171
0.012596
0.00686
0.003016
0.004768
0.013498
0.006704
0.00287
0.004183
0.012934
0.006838
0.002963
0.004263
0.013103
0.006948
0.002915
0.004224
0.012579
0.006392
0.002894
0.004196
0.012946
0.006736
0.003079
0.004847
0.013544
0.006421
0.003063
0.004798
0.013079
0.006187
0.003234
0.005636
0.014591
0.006179
0.003167
0.004605
0.013283
0.006398
0.003475
0.005635
0.014806
0.006538
0.003364
0.005833
0.013675
0.005122
0.003274
0.005604
0.015037
0.006269
0.003265
0.004102
0.013343
0.00694
0.003288
0.004539
0.013985
0.006752
0.00335
0.005056
0.013347
0.005522
0.003251
0.004609
0.013991
0.006576
0.003471
0.004676
0.013804
0.006672
0.003242
0.004591
0.01426
0.006769
0.003307
0.004691
0.013998
0.006384
0.003292
0.00404
0.01357
0.00703
0.003419
0.004602
0.014495
0.007082
0.003314
0.00407
0.013905
0.00735
0.00328
0.00403
0.013923
0.007368
0.003721
0.00587
0.016151
0.006702
0.00511
0.014001
0.018752
0.004255
0.003853
0.00627
0.014494
0.004365
0.003629
0.004615
0.015207
0.006786
0.003614
0.004275
0.014975
0.007256
0.003601
0.004236
0.014864
0.007189
0.004055
0.005327
0.01668
0.008028
0.004195
0.006125
0.016527
0.006218
0.003698
0.004563
0.015064
0.006918
0.003819
0.005031
0.015632
0.006581
0.003665
0.004381
0.015148
0.007129
0.003692
0.004331
0.015155
0.007208
0.003659
0.004283
0.015051
0.007131
0.003661
0.004271
0.015069
0.00717
0.003858
0.004973
0.015962
0.006967
0.003712
0.004396
0.015171
0.007094
0.004059
0.005736
0.016761
0.006399
0.004005
0.005297
0.015218
0.005756
0.003725
0.004364
0.015391
0.00695
0.003874
0.00496
0.015696
0.00632
0.003762
0.004413
0.015419
0.007114
0.003959
0.005069
0.016257
0.006962
0.003966
0.005256
0.015645
0.006002
0.003762
0.00436
0.015399
0.006977
0.003778
0.004361
0.015393
0.00702
0.00399
0.00511
0.016496
0.006856
0.004418
0.006882
0.017324
0.004498
0.003981
0.00515
0.015346
0.005992
0.004057
0.005188
0.016555
0.006688
0.004105
0.005479
0.01657
0.006092
0.004052
0.005297
0.015774
0.005641
0.004307
0.006212
0.01711
0.005448
0.003924
0.004689
0.016159
0.006989
0.004175
0.005291
0.016876
0.006723
0.004101
0.005464
0.016141
0.005395
0.004586
0.007033
0.016439
0.003356
0.00426
0.005839
0.016741
0.005229
0.004046
0.00474
0.016616
0.00665
0.004474
0.006109
0.017593
0.005187
0.004648
0.00649
0.016492
0.004114
0.004906
0.007653
0.018533
0.003903
0.005276
0.008878
0.017655
0.000799
0.004817
0.006624
0.016619
0.003664
0.005387
0.008088
0.019646
0.003427
0.0047
0.006573
0.017257
0.003809
0.004386
0.004918
0.01704
0.005969
0.004902
0.006416
0.01915
0.005783
0.004922
0.00688
0.019406
0.00612
0.004457
0.005643
0.017473
0.005019
0.004788
0.006126
0.018336
0.005227
0.006539
0.010647
0.023289
0.002961
0.011269
0.022735
0.029926
0.012423
0.008101
0.012507
0.0216
0.000083
0.005304
0.00631
0.022344
0.007566
0.004818
0.005207
0.020189
0.006892
0.004924
0.005198
0.019285
0.006007
0.00487
0.005123
0.019445
0.006151
0.004877
0.005091
0.019456
0.006203
0.006713
0.009569
0.024575
0.004157
0.005061
0.005743
0.018313
0.003031
0.004853
0.005229
0.017564
0.003225
0.005389
0.006079
0.019599
0.004497
0.00519
0.005503
0.020644
0.006508
0.00588
0.007178
0.022746
0.005647
0.005748
0.007058
0.019612
0.002406
0.006143
0.007976
0.01964
0.0012
0.005399
0.005849
0.021665
0.006043
0.005939
0.007149
0.022549
0.004146
0.006744
0.009099
0.020591
0.000616
0.005949
0.00775
0.019968
0.000996
0.005212
0.005492
0.020791
0.004744
0.005297
0.005353
0.021182
0.005786
0.005702
0.006291
0.022051
0.005063
0.005989
0.006963
0.021707
0.003361
0.005792
0.006979
0.020763
0.002265
0.006205
0.007398
0.021824
0.002913
0.006757
0.008639
0.023382
0.002106
0.006308
0.007912
0.020367
0.000043
0.005345
0.00652
0.018791
0.000118
0.006694
0.008346
0.022667
0.002282
0.006655
0.008255
0.023431
0.002178
0.005926
0.006599
0.021975
0.003057
0.00668
0.008072
0.023166
0.001706
0.007136
0.0091
0.022051
0.001082
0.006082
0.007825
0.022528
0.000868
0.007441
0.00952
0.024963
0.001022
0.006584
0.008525
0.022912
0.000542
0.015811
0.025833
0.040318
0.010083
0.009116
0.015768
0.028003
0.009945
0.009342
0.01334
0.022467
0.008923
0.007621
0.01004
0.027477
0.000387
0.006896
0.007914
0.026855
0.001402
0.006502
0.006407
0.024798
0.001641
0.006431
0.005918
0.025333
0.003753
0.006365
0.005848
0.024913
0.003669
0.006401
0.005899
0.025054
0.003954
0.006893
0.006879
0.026124
0.0033
0.006725
0.006673
0.025817
0.003177
0.007233
0.007577
0.026062
0.001855
0.007001
0.007261
0.025852
0.002222
0.008054
0.009099
0.02772
0.00082
0.008461
0.010289
0.027228
0.00285
0.007812
0.009428
0.025614
0.003231
0.008199
0.009659
0.02761
0.001176
0.008958
0.010994
0.027301
0.004355
0.007706
0.009001
0.027411
0.001255
0.007671
0.008771
0.02788
0.000861
0.008119
0.009178
0.026066
0.002802
0.008052
0.00916
0.027728
0.001832
0.009342
0.011035
0.029811
0.002662
0.009454
0.011667
0.027875
0.006567
0.0083
0.00913
0.028653
0.001464
0.007304
0.006867
0.029409
0.003609
0.00769
0.00749
0.027286
0.000708
0.007367
0.007151
0.027539
0.000904
0.007436
0.006924
0.028038
0.002169
0.007851
0.00774
0.02921
0.001759
0.007394
0.007038
0.027429
0.000563
0.008484
0.008915
0.029591
0.00026
0.008547
0.009251
0.028456
0.002669
0.008933
0.009703
0.027667
0.003567
0.010379
0.012201
0.032183
0.00353
0.009403
0.011005
0.031994
0.002821
0.008368
0.00973
0.031669
0.00253
0.010248
0.011923
0.027877
0.008742
0.009636
0.011121
0.03009
0.003792
0.009451
0.010784
0.031907
0.00216
0.010297
0.011934
0.032683
0.004189
0.008192
0.008709
0.030564
0.004928
0.007792
0.006856
0.031142
0.000619
0.007474
0.006154
0.029594
0.001262
0.008565
0.008057
0.031604
0.000054
0.008006
0.007376
0.03004
0.001248
0.008081
0.00739
0.029782
0.001315
0.007918
0.006917
0.030586
0.000898
0.008967
0.008706
0.032972
0.000128
0.009082
0.009182
0.030733
0.003989
0.009634
0.009915
0.031154
0.004062
0.008213
0.00802
0.032462
0.001144
0.00919
0.009047
0.029946
0.004529
0.01015
0.010647
0.032146
0.004834
0.008725
0.008672
0.033334
0.001902
0.009448
0.009432
0.030336
0.00567
0.00977
0.00992
0.031651
0.004876
0.009604
0.009978
0.033746
0.004315
0.010165
0.010708
0.031975
0.0073
0.01023
0.010764
0.03169
0.007325
0.009081
0.008648
0.03491
0.001588
0.010754
0.011228
0.035441
0.005144
0.011396
0.012435
0.035329
0.007907
0.009655
0.009921
0.034539
0.00674
0.009258
0.008428
0.036017
0.001239
0.008769
0.007223
0.034189
0.000233
0.008552
0.006853
0.032953
0.000845
0.009081
0.007725
0.034234
0.00122
0.009549
0.00852
0.03467
0.002379
0.008931
0.007797
0.033892
0.002933
0.008871
0.007452
0.033651
0.00233
0.009462
0.008316
0.034741
0.002404
0.010448
0.009949
0.036018
0.004284
0.011397
0.011442
0.03673
0.006376
0.010744
0.010588
0.036371
0.006284
0.011045
0.011087
0.032855
0.010537
0.010534
0.010173
0.036428
0.0052
0.011403
0.011539
0.037574
0.006371
0.011302
0.011589
0.034598
0.010578
0.010943
0.010854
0.034916
0.009214
0.012255
0.012588
0.037566
0.008646
0.010261
0.010009
0.037804
0.006989
0.010986
0.010779
0.034255
0.010905
0.012376
0.012534
0.035162
0.011835
0.010481
0.010264
0.039408
0.00612
0.011569
0.011252
0.037307
0.009416
0.01123
0.01056
0.036105
0.009371
0.010786
0.010273
0.036484
0.009212
0.012391
0.012242
0.037077
0.010714
0.013954
0.014791
0.041353
0.011724
0.011278
0.011555
0.039976
0.011393
0.01111
0.010382
0.03729
0.010833
0.010566
0.0089
0.038183
0.005578
0.010092
0.007907
0.037481
0.004419
0.009719
0.007216
0.037203
0.003716
0.009702
0.007186
0.037366
0.003586
0.009713
0.007197
0.037595
0.003392
0.009716
0.007202
0.037331
0.003722
0.009727
0.007215
0.037451
0.00363
0.009725
0.007217
0.037465
0.003652
0.009732
0.007227
0.037394
0.003756
0.009738
0.007238
0.037488
0.00369
0.009741
0.007246
0.03747
0.003732
0.009744
0.007249
0.03747
0.003743
0.009744
0.00725
0.037481
0.003735
0.010051
0.007749
0.038346
0.003823
0.010151
0.007886
0.038094
0.004442
0.01148
0.009885
0.039717
0.006694
0.01072
0.009052
0.038281
0.007967
0.010425
0.008577
0.037201
0.008107
0.010508
0.008425
0.039407
0.00448
0.010306
0.007955
0.038107
0.005181
0.010038
0.007497
0.037921
0.004803
0.010383
0.008039
0.039047
0.004788
0.010261
0.007889
0.038025
0.005728
0.011592
0.009836
0.039524
0.007794
0.010939
0.009098
0.038954
0.008161
0.011547
0.009861
0.038918
0.008823
0.012714
0.01157
0.041073
0.009935
0.011925
0.010933
0.039241
0.012402
0.011928
0.01049
0.038379
0.012101
0.012206
0.010849
0.041228
0.009297
0.011388
0.009834
0.040662
0.009027
0.012652
0.011331
0.040091
0.010853
0.011546
0.010041
0.040616
0.009775
0.011221
0.009469
0.040663
0.008438
0.012462
0.010955
0.040298
0.009856
0.011931
0.010353
0.040673
0.009468
0.013034
0.011718
0.041254
0.010291
0.011789
0.010322
0.041052
0.010003
0.011507
0.009751
0.040091
0.009619
0.012411
0.010723
0.039455
0.010366
0.012062
0.01046
0.040803
0.009683
0.012775
0.011235
0.040856
0.010371
0.011602
0.009815
0.041205
0.009447
0.011641
0.009432
0.0406
0.008836
0.011262
0.00865
0.039905
0.007956
0.011557
0.00916
0.039993
0.009009
0.011819
0.009528
0.040756
0.008949
0.011162
0.008696
0.040309
0.008425
0.011234
0.008704
0.040573
0.00774
0.011296
0.008653
0.040442
0.007314
0.011553
0.009014
0.040351
0.00799
0.011239
0.008644
0.040312
0.007886
0.011014
0.008345
0.040156
0.007697
0.011062
0.008283
0.039986
0.007359
0.011388
0.0087
0.040145
0.007805
0.011471
0.008904
0.040591
0.008097
0.011243
0.00859
0.040282
0.008159
0.011603
0.009053
0.040358
0.008607
0.011281
0.008657
0.040557
0.008169
0.011062
0.00834
0.040409
0.007739
0.011088
0.008214
0.040004
0.007425
0.010869
0.007874
0.04001
0.006852
0.011161
0.008268
0.040433
0.007124
0.01133
0.008551
0.040577
0.007677
0.01116
0.008328
0.039974
0.008126
0.011127
0.008199
0.039652
0.00817
0.01088
0.007826
0.040403
0.007027
0.011144
0.008177
0.04065
0.007321
0.011063
0.008096
0.040394
0.007565
0.011358
0.008493
0.040343
0.008185
0.012169
0.009743
0.04156
0.009617
0.011619
0.009143
0.04028
0.010424
0.011819
0.009175
0.03931
0.010551
0.011849
0.009275
0.039707
0.010173
0.012099
0.009599
0.040647
0.009695
0.012181
0.009763
0.04088
0.009862
0.011633
0.009075
0.040454
0.009512
0.012267
0.009748
0.040621
0.009666
0.012323
0.009994
0.041184
0.010081
0.01202
0.009566
0.040559
0.010168
0.011795
0.009092
0.03973
0.009812
0.011881
0.009212
0.03967
0.009779
0.012289
0.009777
0.040602
0.009799
0.011803
0.00922
0.040233
0.009703
0.012238
0.009703
0.039919
0.010125
0.011851
0.009251
0.040366
0.009325
0.011877
0.009096
0.040372
0.008623
0.011966
0.009245
0.039878
0.009092
0.011629
0.008869
0.03983
0.008931
0.012269
0.009624
0.039968
0.009499
0.012187
0.009618
0.04005
0.009723
0.012456
0.009922
0.040149
0.009858
0.012584
0.010205
0.040454
0.010224
0.012882
0.010627
0.040492
0.010825
0.012949
0.010732
0.04027
0.011073
0.013043
0.010845
0.040143
0.011202
0.012465
0.010117
0.040001
0.010588
0.012327
0.009642
0.039339
0.009715
0.012224
0.009553
0.038791
0.009749
0.012097
0.009336
0.039779
0.008431
0.012226
0.009508
0.039645
0.008599
0.01233
0.009665
0.039366
0.009085
0.012432
0.009817
0.039275
0.009377
0.01252
0.00996
0.039325
0.009515
0.01226
0.009613
0.039064
0.009351
0.012156
0.009339
0.038608
0.00905
0.012171
0.009382
0.038489
0.009021
0.012319
0.009574
0.038838
0.008902
0.012367
0.009678
0.038896
0.009016
0.012474
0.009835
0.038863
0.00924
0.012561
0.00997
0.038863
0.009399
0.012827
0.010337
0.038926
0.009793
0.012809
0.01036
0.03879
0.009919
0.012588
0.010017
0.038443
0.009584
0.01269
0.010134
0.038124
0.009662
0.012907
0.010453
0.038491
0.009709
0.013065
0.010706
0.038517
0.010007
0.013226
0.010969
0.038475
0.010343
0.013286
0.011055
0.038393
0.010379
0.012981
0.010617
0.037996
0.010002
0.012693
0.010081
0.037361
0.009257
0.012242
0.009328
0.036957
0.007916
0.012115
0.009138
0.036912
0.007498
0.012334
0.009459
0.037207
0.007681
0.012391
0.009572
0.037218
0.007855
0.012396
0.009571
0.037066
0.007962
0.012494
0.009717
0.036991
0.008173
0.012674
0.009994
0.037112
0.008423
0.012765
0.010124
0.036981
0.008642
0.012846
0.010244
0.036965
0.008709
0.012675
0.010048
0.03675
0.008561
0.012581
0.009882
0.036418
0.008255
0.012814
0.010184
0.036394
0.008391
0.01296
0.010419
0.036548
0.008555
0.013058
0.010549
0.036474
0.008661
0.013112
0.010637
0.036459
0.008678
0.012929
0.010404
0.036192
0.008497
0.012822
0.010201
0.035871
0.008172
0.012662
0.009941
0.035783
0.007546
0.012819
0.010174
0.036036
0.00752
0.012787
0.010134
0.035598
0.007815
0.012901
0.010282
0.035697
0.007865
0.01282
0.010196
0.035652
0.007826
0.012955
0.010359
0.035655
0.007908
0.012883
0.010274
0.035537
0.007868
0.012831
0.010189
0.03549
0.007663
0.012911
0.010305
0.035519
0.007687
0.013085
0.010558
0.035602
0.007881
0.013016
0.010488
0.035339
0.008031
0.01315
0.010647
0.035251
0.008143
0.013209
0.010742
0.03536
0.008115
0.013132
0.010667
0.035323
0.008069
0.013125
0.010616
0.035152
0.007924
0.013041
0.010519
0.035108
0.007791
0.013247
0.010788
0.035144
0.007881
0.013306
0.010884
0.035138
0.007967
0.013214
0.010777
0.034911
0.007965
0.013158
0.010682
0.03475
0.007782
0.013261
0.010812
0.034749
0.007773
0.013219
0.010761
0.034835
0.007624
0.0133
0.010875
0.034862
0.007667
0.013447
0.011097
0.034859
0.007869
0.013517
0.011199
0.034726
0.008029
0.013576
0.01129
0.034663
0.00811
0.013636
0.011382
0.034614
0.008164
0.013534
0.011263
0.034432
0.008065
0.013646
0.011393
0.034331
0.008086
0.013786
0.0116
0.034422
0.008147
0.014043
0.012
0.034412
0.008471
0.013915
0.011851
0.033643
0.008728
0.013795
0.011658
0.033699
0.008052
0.013786
0.011599
0.033889
0.007479
0.013645
0.01139
0.033584
0.007278
0.013618
0.011344
0.033583
0.007274
