0.00014
0.000309
0.002897
0.00247
0.000053
0.000586
0.003706
0.00306
0.000021
0.00057
0.003635
0.003059
0.000058
0.000737
0.003764
0.003079
0.000147
0.000875
0.003947
0.00321
0.000209
0.000814
0.004688
0.004066
0.000195
0.000852
0.004348
0.003674
0.000235
0.000937
0.004331
0.003615
0.000287
0.00096
0.004753
0.004063
0.000289
0.000924
0.00481
0.004159
0.000273
0.001048
0.003878
0.003089
0.000425
0.001214
0.004914
0.004114
0.000456
0.001148
0.005469
0.004727
0.000459
0.001117
0.00542
0.004712
0.00047
0.001142
0.005449
0.004703
0.000447
0.001173
0.005119
0.004321
0.000494
0.001216
0.005408
0.004619
0.000516
0.001189
0.005642
0.004886
0.000506
0.001187
0.005558
0.004794
0.00049
0.001225
0.005301
0.00448
0.000513
0.00129
0.005576
0.004698
0.000561
0.001282
0.005867
0.00507
0.000512
0.001379
0.005293
0.004291
0.000612
0.001265
0.005926
0.005179
0.000559
0.00134
0.005471
0.004562
0.000629
0.001386
0.006016
0.005154
0.000624
0.00132
0.006023
0.00522
0.000625
0.001326
0.005927
0.005103
0.000692
0.001595
0.00735
0.006342
0.000622
0.0013
0.005684
0.004912
0.000553
0.001439
0.005252
0.0042
0.000681
0.001393
0.006112
0.005295
0.000644
0.001499
0.005517
0.004528
0.000708
0.001466
0.006195
0.005296
0.000718
0.00152
0.006074
0.005103
0.00059
0.001854
0.00498
0.003493
0.000839
0.001523
0.006807
0.005979
0.000806
0.001615
0.006198
0.005183
0.000828
0.001638
0.006437
0.005414
0.000845
0.001652
0.006458
0.005434
0.000857
0.001678
0.006483
0.005431
0.000863
0.001711
0.006588
0.005489
0.000897
0.00163
0.006721
0.005751
0.000853
0.001708
0.006388
0.005259
0.000926
0.001743
0.006892
0.005837
0.000925
0.001659
0.006797
0.005789
0.000919
0.001667
0.006781
0.005758
0.001007
0.002034
0.008524
0.007246
0.000846
0.001903
0.00565
0.004341
0.000923
0.001786
0.006826
0.005717
0.000984
0.001821
0.007016
0.005881
0.000972
0.001951
0.00689
0.005572
0.001024
0.001995
0.00729
0.005989
0.001022
0.001877
0.007178
0.005981
0.001045
0.001938
0.00715
0.005874
0.001078
0.001914
0.007433
0.00624
0.001088
0.001861
0.0072
0.006034
0.001086
0.001859
0.007265
0.006093
0.001429
0.002521
0.010001
0.008554
0.000894
0.002239
0.005103
0.003325
0.001169
0.001772
0.007429
0.006447
0.00111
0.002097
0.006894
0.005411
0.001149
0.002004
0.007637
0.006321
0.001127
0.002147
0.007142
0.005625
0.001177
0.00202
0.007764
0.006443
0.001197
0.002111
0.007505
0.00607
0.001066
0.002417
0.006832
0.004874
0.001242
0.002118
0.008168
0.006821
0.001314
0.002065
0.008057
0.006816
0.001271
0.002214
0.007783
0.006214
0.001313
0.002417
0.008203
0.006458
0.001345
0.002126
0.00795
0.006572
0.001292
0.00232
0.007417
0.005736
0.001258
0.002505
0.007696
0.005753
0.001405
0.002489
0.008863
0.007164
0.001422
0.00221
0.008086
0.006553
0.001351
0.002487
0.007937
0.005966
0.001445
0.002494
0.008586
0.006816
0.001427
0.002511
0.008086
0.006223
0.001409
0.002313
0.00858
0.006904
0.001451
0.002671
0.007996
0.005929
0.001361
0.002759
0.007762
0.005519
0.001295
0.002303
0.007118
0.005433
0.001535
0.002355
0.00861
0.00687
0.00152
0.002564
0.008762
0.006695
0.001529
0.002402
0.00852
0.006735
0.001537
0.002713
0.008675
0.006462
0.001657
0.002871
0.009288
0.007135
0.001626
0.002426
0.008711
0.006864
0.001591
0.002638
0.008678
0.006496
0.00139
0.003266
0.008017
0.004801
0.001676
0.002294
0.007545
0.006177
0.001686
0.002523
0.008878
0.006915
0.00167
0.002499
0.00884
0.006866
0.002039
0.00332
0.01129
0.008872
0.001677
0.002692
0.008257
0.00606
0.001627
0.002616
0.009147
0.00697
0.00201
0.003315
0.011012
0.008648
0.001717
0.002616
0.009233
0.007174
0.001772
0.002907
0.010017
0.007505
0.001607
0.003431
0.008049
0.004863
0.001735
0.002642
0.009337
0.007188
0.001795
0.002811
0.009301
0.00695
0.001788
0.002604
0.009078
0.006945
0.001787
0.002627
0.00916
0.006962
0.002157
0.003476
0.011556
0.008876
0.001819
0.003335
0.008774
0.005731
0.001835
0.002586
0.008927
0.006877
0.00191
0.003214
0.010661
0.007712
0.001767
0.002689
0.008621
0.006387
0.001854
0.00342
0.010367
0.007019
0.001937
0.002741
0.009281
0.007042
0.001907
0.002979
0.009895
0.0072
0.001941
0.003208
0.009772
0.006866
0.001809
0.002861
0.009719
0.007039
0.00188
0.003245
0.009906
0.006737
0.001867
0.003044
0.009712
0.006915
0.001955
0.002805
0.009782
0.007282
0.001969
0.003048
0.009768
0.006901
0.001791
0.00416
0.00933
0.004686
0.001986
0.002583
0.008916
0.006697
0.001971
0.002756
0.009951
0.007285
0.00202
0.003683
0.010577
0.006642
0.002235
0.004597
0.011019
0.006372
0.002203
0.003071
0.010209
0.007376
0.002122
0.002939
0.010033
0.007153
0.002132
0.003235
0.010286
0.006989
0.00205
0.003501
0.010097
0.006311
0.002038
0.003146
0.010487
0.007214
0.002201
0.003551
0.010566
0.006908
0.002069
0.003169
0.010471
0.0071
0.002183
0.004282
0.011398
0.006438
0.002255
0.003048
0.009942
0.006968
0.002351
0.00495
0.012235
0.006405
0.002144
0.004593
0.010375
0.004988
0.002401
0.003444
0.011067
0.00735
0.002373
0.00351
0.011204
0.007299
0.002336
0.003586
0.01118
0.007034
0.002348
0.00468
0.011536
0.00568
0.002512
0.003325
0.011143
0.007329
0.002416
0.00352
0.011412
0.007239
0.002354
0.004501
0.010625
0.004938
0.002418
0.00293
0.009957
0.006766
0.002682
0.004406
0.013453
0.008105
0.002561
0.004053
0.011593
0.006846
0.002555
0.004263
0.012436
0.007055
0.002484
0.004019
0.011644
0.00668
0.002628
0.004357
0.012634
0.00709
0.00273
0.004775
0.012246
0.006334
0.002616
0.004076
0.012545
0.007278
0.002695
0.004628
0.011601
0.005606
0.002536
0.004055
0.012279
0.006854
0.002841
0.004951
0.013406
0.006717
0.003276
0.005562
0.012065
0.006331
0.002836
0.00384
0.011624
0.006852
0.002822
0.004076
0.012912
0.007473
0.002798
0.004023
0.012401
0.007029
0.003008
0.005992
0.014501
0.005902
0.00326
0.006578
0.013677
0.005127
0.003092
0.004058
0.012923
0.007447
0.002934
0.003738
0.012523
0.007261
0.002922
0.003694
0.012609
0.007402
0.003138
0.00577
0.015024
0.006168
0.00319
0.004649
0.012949
0.00659
0.003362
0.004948
0.013969
0.007133
0.00317
0.004919
0.013276
0.006324
0.002971
0.004431
0.013647
0.006926
0.003178
0.005405
0.013484
0.005302
0.002907
0.004932
0.013318
0.005591
0.003112
0.004957
0.014184
0.00644
0.003181
0.005193
0.014092
0.00584
0.003439
0.005769
0.014063
0.005428
0.003304
0.004209
0.013744
0.007144
0.003498
0.005648
0.014944
0.005933
0.003464
0.005888
0.014311
0.00508
0.003253
0.005445
0.014907
0.00581
0.003545
0.00621
0.01488
0.004717
0.003261
0.005193
0.013579
0.004849
0.003462
0.005448
0.015277
0.006052
0.003306
0.004913
0.014336
0.005687
0.003494
0.004954
0.014521
0.006066
0.003487
0.004205
0.014085
0.006833
0.005215
0.011076
0.023495
0.004838
0.005193
0.009211
0.014342
0.000354
0.003778
0.004891
0.015464
0.005801
0.003636
0.004178
0.014904
0.00709
0.00364
0.004189
0.014911
0.007045
0.003873
0.004943
0.015963
0.007005
0.003822
0.005105
0.014973
0.005626
0.004047
0.005842
0.015569
0.005365
0.004008
0.006219
0.01681
0.005366
0.003936
0.005619
0.015798
0.005108
0.004072
0.005311
0.015488
0.005707
0.004629
0.007667
0.018531
0.004332
0.004843
0.00749
0.015634
0.002847
0.004665
0.007206
0.017655
0.004193
0.004613
0.006638
0.016198
0.003954
0.00398
0.005373
0.016097
0.005489
0.004835
0.007264
0.01874
0.005138
0.004822
0.008234
0.01562
0.00003
0.005174
0.007258
0.016515
0.003362
0.004203
0.006091
0.018029
0.005023
0.004701
0.00611
0.01674
0.004666
0.004738
0.006907
0.018524
0.004484
0.005026
0.007753
0.016093
0.001
0.005257
0.007446
0.017388
0.003031
0.005674
0.008497
0.019921
0.003524
0.004473
0.006399
0.01735
0.003056
0.004967
0.006339
0.018219
0.004693
0.004936
0.006191
0.017264
0.00409
0.005261
0.006999
0.017135
0.002845
0.004743
0.006275
0.018313
0.004476
0.005122
0.006604
0.018894
0.004597
0.006124
0.009195
0.019838
0.000793
0.006368
0.009853
0.01814
0.001284
0.005963
0.009618
0.021422
0.000412
0.004883
0.006052
0.018033
0.002672
0.00546
0.007023
0.018883
0.00297
0.006082
0.008594
0.02229
0.004497
0.006509
0.009441
0.02273
0.00324
0.005675
0.007855
0.018957
0.000501
0.005218
0.006887
0.019271
0.003
0.006553
0.009211
0.02295
0.003088
0.007424
0.011246
0.021565
0.002493
0.006302
0.008999
0.01887
0.000346
0.005239
0.00574
0.021747
0.006154
0.005961
0.007207
0.022653
0.004526
0.006319
0.008168
0.020146
0.00086
0.005787
0.007441
0.020534
0.001803
0.007586
0.010651
0.024568
0.001232
0.006827
0.009672
0.020026
0.003298
0.006973
0.010077
0.020665
0.003552
0.007166
0.009351
0.022186
0.00044
0.008965
0.013049
0.028251
0.000218
0.007333
0.011148
0.021559
0.005984
0.007095
0.010295
0.021753
0.004559
0.008
0.010196
0.024452
0.000895
0.008374
0.011611
0.026707
0.00169
0.006776
0.009476
0.022352
0.003117
0.008109
0.010456
0.023276
0.00214
0.006976
0.009636
0.022104
0.004139
0.008241
0.010744
0.024688
0.002529
0.007691
0.009908
0.026369
0.000343
0.007388
0.009363
0.022897
0.002996
0.006053
0.006468
0.023677
0.001404
0.00623
0.005939
0.02515
0.004928
0.006616
0.006809
0.024926
0.003076
0.006216
0.006276
0.024542
0.003394
0.006775
0.007131
0.024321
0.00208
0.007131
0.007796
0.025171
0.001996
0.007328
0.00822
0.025565
0.0013
0.007449
0.008571
0.024948
0.000407
0.007169
0.007584
0.02538
0.002731
0.007102
0.007733
0.025745
0.002081
0.00697
0.00782
0.024865
0.000523
0.006609
0.006616
0.025636
0.002526
0.006387
0.005941
0.025736
0.00428
0.006342
0.005865
0.025293
0.004049
0.006336
0.005813
0.024902
0.004034
0.006835
0.006809
0.02597
0.003367
0.007698
0.008589
0.027465
0.001631
0.006764
0.007155
0.025595
0.00149
0.007313
0.007762
0.024965
0.000439
0.007681
0.008373
0.026497
0.000806
0.006762
0.006955
0.025947
0.001946
0.007927
0.008724
0.026768
0.000218
0.007684
0.008756
0.027359
0.000429
0.007868
0.009062
0.02652
0.002021
0.009254
0.011485
0.02779
0.004322
0.007525
0.008755
0.028202
0.000225
0.006989
0.006637
0.027687
0.003751
0.007285
0.007239
0.028217
0.002819
0.007745
0.00802
0.026941
0.000512
0.011198
0.014495
0.03422
0.003868
0.008739
0.010511
0.027345
0.00696
0.008512
0.009447
0.02536
0.006149
0.007325
0.006522
0.029019
0.003475
0.007104
0.006206
0.028488
0.003274
0.00763
0.007161
0.028501
0.001696
0.010812
0.012942
0.034773
0.002749
0.008406
0.009929
0.029553
0.006153
0.007687
0.007879
0.02915
0.002382
0.008631
0.008701
0.030591
0.000869
0.008827
0.009224
0.029322
0.003248
0.009133
0.00974
0.030783
0.00321
0.008084
0.008331
0.029935
0.001649
0.009057
0.009362
0.029401
0.00288
0.009206
0.009709
0.031072
0.002548
0.010795
0.012345
0.034294
0.004114
0.009844
0.011446
0.030937
0.008282
0.011909
0.014209
0.029903
0.012475
0.010701
0.012892
0.036332
0.005075
0.010621
0.012588
0.035017
0.006437
0.012525
0.015159
0.03207
0.01223
0.013255
0.016719
0.037527
0.011726
0.010111
0.011788
0.033819
0.012701
0.012177
0.01375
0.033179
0.013255
0.012442
0.014278
0.030721
0.015357
0.010124
0.011148
0.035946
0.005181
0.010235
0.010914
0.032795
0.008358
0.010854
0.011522
0.033427
0.008079
0.010703
0.011408
0.035346
0.007222
0.011291
0.011964
0.035535
0.00822
0.010896
0.011623
0.034906
0.010026
0.01369
0.015422
0.038413
0.011816
0.011809
0.013533
0.036428
0.013948
0.011469
0.011904
0.032812
0.013234
0.010767
0.010413
0.033505
0.010933
0.009853
0.008213
0.036664
0.002256
0.010344
0.009217
0.035849
0.005792
0.009812
0.008526
0.035952
0.00544
0.009557
0.008003
0.036736
0.003277
0.010126
0.008762
0.036035
0.004886
0.009674
0.008204
0.03566
0.005098
0.010367
0.009113
0.036067
0.005567
0.010858
0.009817
0.037309
0.005637
0.01088
0.010077
0.037384
0.006893
0.010237
0.009145
0.036352
0.007381
0.011494
0.010823
0.037074
0.008565
0.011758
0.011239
0.037465
0.009192
0.011702
0.01134
0.036827
0.010717
0.012105
0.011815
0.036106
0.011881
0.012074
0.011872
0.038985
0.009065
0.0122
0.012093
0.037758
0.010909
0.011836
0.011813
0.036856
0.01225
0.014233
0.014699
0.04005
0.01254
0.012
0.012561
0.038917
0.014067
0.013093
0.012784
0.036268
0.014792
0.014144
0.014537
0.039256
0.015209
0.018672
0.020977
0.0465
0.018983
0.014467
0.016054
0.042127
0.020884
0.013032
0.013407
0.038368
0.019941
0.013936
0.013369
0.039722
0.0141
0.012289
0.010569
0.03911
0.010089
0.011258
0.008804
0.041067
0.005892
0.010683
0.007964
0.03937
0.007104
0.011335
0.008876
0.040447
0.007697
0.010923
0.008417
0.040029
0.007974
0.010906
0.008298
0.03965
0.007892
0.01134
0.008834
0.040039
0.008124
0.011557
0.009186
0.040713
0.008184
0.011752
0.009501
0.040954
0.008683
0.011979
0.009831
0.041035
0.009263
0.012487
0.010592
0.041631
0.010128
0.011656
0.009622
0.04104
0.010166
0.012155
0.009973
0.040185
0.010242
0.011387
0.008951
0.0398
0.009253
0.011069
0.008324
0.040108
0.007236
0.011334
0.008663
0.041059
0.006592
0.01115
0.008416
0.039893
0.007611
0.011835
0.009311
0.040246
0.008717
0.011802
0.009394
0.040732
0.008886
0.011527
0.008999
0.040557
0.008694
0.011881
0.009431
0.040481
0.009131
0.012053
0.009684
0.040862
0.009325
0.012481
0.010317
0.041397
0.009978
0.012467
0.010374
0.041241
0.010506
0.012698
0.010661
0.041097
0.01097
0.011965
0.00975
0.041024
0.010381
0.012386
0.010196
0.040315
0.010962
0.01299
0.010944
0.041072
0.011179
0.012453
0.010302
0.041055
0.01054
0.012594
0.010509
0.040282
0.011157
0.012218
0.009957
0.040516
0.010328
0.01253
0.010298
0.040218
0.010487
0.012705
0.010511
0.040615
0.010419
0.012884
0.010871
0.041178
0.010713
0.012433
0.010269
0.040764
0.010586
0.012878
0.010716
0.039965
0.011222
0.012128
0.009846
0.040534
0.010109
0.012662
0.010374
0.040141
0.010374
0.012755
0.010521
0.040321
0.010459
0.01279
0.010597
0.040523
0.010484
0.012938
0.010781
0.040499
0.010676
0.012289
0.009967
0.040316
0.010213
0.012647
0.010322
0.039759
0.010566
0.012834
0.010544
0.04008
0.010461
0.012164
0.009728
0.040215
0.009737
0.012033
0.00932
0.03974
0.009151
0.012321
0.009708
0.039447
0.00968
0.012525
0.010046
0.039838
0.009988
0.012671
0.010228
0.039836
0.010124
0.012197
0.009617
0.03958
0.009709
0.012459
0.009892
0.039212
0.009934
0.012117
0.009445
0.039591
0.009094
0.012375
0.009728
0.039359
0.009269
0.012151
0.009444
0.039116
0.009118
0.012509
0.00991
0.03915
0.009496
0.013049
0.010703
0.039587
0.010303
0.01252
0.010111
0.038688
0.010507
0.012301
0.009693
0.038094
0.009888
0.012107
0.009307
0.038324
0.008339
0.012323
0.009526
0.038108
0.008276
0.012337
0.009595
0.038302
0.008354
0.012178
0.009379
0.038066
0.008418
0.012351
0.009581
0.038197
0.008494
0.012309
0.009531
0.038176
0.008482
0.01216
0.009323
0.038057
0.008308
0.012292
0.009487
0.038087
0.008427
0.012903
0.010381
0.038703
0.009152
0.013376
0.01113
0.038778
0.010156
0.01299
0.010669
0.037232
0.010807
0.012641
0.010111
0.036587
0.009959
0.012493
0.00973
0.037174
0.007937
0.012323
0.009485
0.03713
0.0076
0.012426
0.009616
0.037078
0.007826
0.012348
0.009523
0.036837
0.007955
0.01235
0.009512
0.036809
0.007948
0.012276
0.009386
0.036931
0.007696
0.012375
0.009524
0.037033
0.007755
0.012835
0.010234
0.037474
0.008329
0.012652
0.009992
0.03683
0.00857
0.012824
0.01019
0.036839
0.008638
0.012848
0.010259
0.036857
0.008668
0.012942
0.01039
0.036838
0.00873
0.012755
0.010182
0.036625
0.008609
0.012696
0.010049
0.036255
0.008345
0.012645
0.009921
0.036092
0.007802
0.012517
0.009725
0.036104
0.007443
0.012611
0.009851
0.036229
0.007516
0.012691
0.009975
0.036251
0.007652
0.012779
0.010106
0.036191
0.007841
0.012956
0.010368
0.036214
0.008108
0.013498
0.011163
0.03646
0.00875
0.013237
0.010861
0.0358
0.008952
0.0132
0.010784
0.035902
0.008396
0.013148
0.010687
0.035608
0.007855
0.013067
0.010543
0.035298
0.007456
0.013125
0.01063
0.035413
0.007467
0.013047
0.010528
0.035211
0.00759
0.013512
0.011178
0.035636
0.007906
0.013896
0.011809
0.035752
0.008458
0.013762
0.01164
0.034124
0.009322
0.01361
0.011371
0.035115
0.007952
0.013492
0.011208
0.035203
0.007616
0.013314
0.010893
0.034216
0.007973
0.013355
0.010951
0.034477
0.007756
0.013351
0.010945
0.034245
0.007815
0.013625
0.011367
0.034544
0.007925
0.013612
0.011351
0.033984
0.008212
0.013688
0.011457
0.033991
0.008179
0.014519
0.012795
0.035012
0.008555
0.01463
0.012921
0.034081
0.009132
0.014583
0.012846
0.032971
0.009338
0.014437
0.012643
0.032825
0.008227
0.014365
0.012516
0.032545
0.007782
0.01448
0.012685
0.032807
0.007657
0.014449
0.012646
0.032588
0.007746
0.014422
0.012603
0.032467
0.007601
0.014388
0.012546
0.032565
0.007271
0.014468
0.012647
0.032443
0.00738
0.014574
0.012817
0.032542
0.007427
0.014686
0.012991
0.032498
0.007556
0.014791
0.013158
0.032353
0.007734
0.014879
0.013311
0.032261
0.007862
0.015136
0.01368
0.03225
0.008039
0.015099
0.013642
0.031442
0.008334
0.015148
0.013716
0.031737
0.008003
0.015134
0.013693
0.031816
0.007647
0.01535
0.014024
0.031817
0.007689
0.015445
0.01418
0.03161
0.007865
0.01549
0.014255
0.031373
0.007968
0.015542
0.014333
0.031283
0.007958
0.015644
0.014492
0.031234
0.007965
0.015635
0.014483
0.03093
0.007872
0.015791
0.014722
0.030876
0.007858
0.016236
0.01542
0.031175
0.007925
0.016276
0.015479
0.030141
0.008384
0.01632
0.015548
0.030486
0.007593
0.016364
0.015629
0.030475
0.007396
0.016497
0.015853
0.030252
0.007592
0.016542
0.015917
0.029859
0.007746
0.016599
0.016008
0.029754
0.007736
0.016673
0.016112
0.029857
0.007634
0.016723
0.0162
0.029797
0.007646
0.01679
0.0163
0.029759
0.007639
0.016826
0.016376
0.02965
0.007574
0.016932
0.016539
0.029554
0.007383
0.017061
0.016726
0.029517
0.00725
0.017098
0.016799
0.029524
0.007247
0.017149
0.016879
0.029544
0.00723
0.01719
0.016943
0.029542
0.007222
0.017193
0.016948
0.029531
0.007229
0.017238
0.01702
0.029552
0.007236
0.017284
0.017094
0.029557
0.007253
0.017294
0.017108
0.029414
0.007331
0.017301
0.017116
0.029392
0.007336
0.017315
0.017141
0.029476
0.007233
0.017341
0.017182
0.029406
0.007268
0.01735
0.017198
0.029423
0.007249
0.017363
0.017218
0.029424
0.007234
0.017365
0.017222
0.029408
0.007242
0.017373
0.017265
0.029461
0.007201
0.017803
0.017921
0.029743
0.007225
0.018207
0.018562
0.029661
0.007406
0.018295
0.018707
0.028342
0.008144
0.018389
0.018829
0.02825
0.008134
0.01855
0.019124
0.028848
0.007458
0.01888
0.019659
0.028325
0.007722
0.019209
0.020165
0.02847
0.007521
0.019281
0.020282
0.028409
0.007458
0.019319
0.020347
0.02833
0.007487
0.019958
0.021352
0.02876
0.007359
0.020033
0.021488
0.027556
0.00806
0.020195
0.021784
0.027229
0.008177
0.02053
0.022314
0.027524
0.007991
0.020548
0.022446
0.027387
0.008033
0.020835
0.022788
0.027223
0.008142
0.021116
0.023343
0.027446
0.007963
0.0214
0.023861
0.026813
0.008306
0.022337
0.025254
0.026719
0.008293
0.022716
0.025848
0.026974
0.008055
0.022825
0.026114
0.026865
0.008083
0.023135
0.026514
0.026585
0.008266
0.02326
0.026788
0.026512
0.008285
0.023826
0.027696
0.026267
0.008433
0.024327
0.028421
0.02632
0.008378
0.02484
0.029273
0.026171
0.008503
0.025715
0.030721
0.026158
0.008507
0.026764
0.032459
0.026365
0.008372
0.028132
0.03462
0.02618
0.008572
0.029015
0.036011
0.026204
0.00863
0.029052
0.036059
0.0262
0.00864
0.02903
0.036026
0.026262
0.008597
0.028988
0.035963
0.026262
0.008592
0.028932
0.035871
0.026257
0.008592
0.028873
0.035775
0.026254
0.00859
0.028831
0.035707
0.026256
0.008585
0.028831
0.035707
0.026256
0.008585
0.028831
0.035707
0.026256
0.008585
