0.007997
0.007677
0.070237
0.054541
0.009406
0.00422
0.084786
0.089858
0.015712
0.000812
0.090465
0.105189
0.034839
0.004141
0.105675
0.144248
0.035895
0.005801
0.105466
0.146726
0.03801
0.006468
0.106926
0.150934
0.040177
0.007149
0.108369
0.155189
0.044385
0.008638
0.111333
0.163774
0.065708
0.024556
0.091532
0.179907
0.069367
0.016384
0.120457
0.205186
0.086586
0.032028
0.103953
0.220139
0.084393
0.023026
0.131524
0.237422
0.09968
0.028859
0.140093
0.266556
0.090813
0.02752
0.146717
0.262946
0.103588
0.030522
0.152338
0.283774
0.103781
0.029748
0.153702
0.284541
0.11069
0.044802
0.142986
0.293785
0.12055
0.034428
0.16044
0.311774
0.126423
0.035533
0.165265
0.323198
0.131655
0.036633
0.168667
0.332559
0.13261
0.036675
0.170811
0.335576
0.144803
0.039178
0.174308
0.35289
0.15123
0.040032
0.179173
0.36445
0.158126
0.040923
0.183022
0.37546
0.171527
0.042228
0.185822
0.392091
0.172649
0.043015
0.188437
0.396098
0.185477
0.043662
0.192663
0.412473
0.190105
0.043469
0.195783
0.419614
0.199088
0.044169
0.197827
0.430161
0.204905
0.043982
0.201225
0.438379
0.21235
0.044179
0.203825
0.447602
0.22492
0.044191
0.20608
0.460736
0.23243
0.043678
0.209507
0.469943
0.262222
0.040639
0.211409
0.494161
0.269548
0.038389
0.216094
0.50253
0.268886
0.037328
0.221052
0.505414
0.273215
0.035983
0.224374
0.510586
0.275903
0.035588
0.226613
0.514346
0.290365
0.032958
0.226954
0.523847
0.292406
0.032442
0.229706
0.527347
0.307457
0.029183
0.229411
0.535883
0.31421
0.027221
0.23136
0.540973
0.335778
0.0213
0.230908
0.551572
0.329592
0.022003
0.236515
0.55218
0.336931
0.020051
0.237158
0.556054
0.349436
0.016348
0.237084
0.56172
0.351963
0.015048
0.239133
0.564002
0.367827
0.010232
0.23816
0.569917
0.376656
0.006802
0.239264
0.573841
0.386605
0.003098
0.240192
0.577893
0.391835
0.000698
0.241928
0.580479
0.401972
0.002921
0.242678
0.584273
0.407263
0.005337
0.244214
0.586539
0.410723
0.007162
0.246122
0.588417
0.40661
0.006308
0.25033
0.589996
0.40797
0.005782
0.252234
0.591736
0.416946
0.007868
0.251206
0.593994
0.41871
0.008133
0.251689
0.595077
0.419925
0.006149
0.250201
0.593082
0.438777
0.001942
0.239091
0.583887
0.446264
0.007783
0.241789
0.596511
0.468685
0.008407
0.223868
0.599997
0.475935
0.016246
0.231244
0.602194
0.476604
0.015196
0.231198
0.599846
0.486485
0.022313
0.233317
0.603755
0.489647
0.026833
0.238098
0.604572
0.49841
0.023892
0.234963
0.598341
0.506589
0.030879
0.237398
0.602906
0.530795
0.032778
0.228562
0.600939
0.556586
0.023163
0.214725
0.594038
0.585152
0.03716
0.205336
0.609287
0.592808
0.030397
0.201936
0.604479
0.629602
0.059809
0.21035
0.611062
0.637191
0.058012
0.211831
0.601503
0.66681
0.078679
0.215657
0.608341
0.658882
0.088569
0.228846
0.606464
0.661117
0.084152
0.230288
0.598641
0.680536
0.089638
0.229395
0.599425
0.69333
0.089391
0.22045
0.599069
0.693836
0.08408
0.222558
0.591167
0.703499
0.087094
0.227014
0.585377
0.74021
0.101562
0.225162
0.589567
0.728987
0.107184
0.234448
0.590103
0.728258
0.108417
0.23862
0.585811
0.74496
0.107672
0.23625
0.578896
0.750349
0.102189
0.236972
0.571184
0.755889
0.102703
0.235971
0.57017
0.773536
0.093027
0.234994
0.555856
0.79195
0.106713
0.232756
0.562169
0.823128
0.109365
0.231847
0.549563
0.824872
0.106347
0.23259
0.544713
0.831613
0.099529
0.233249
0.535361
0.847003
0.09243
0.239025
0.51976
0.86351
0.10522
0.243613
0.51979
0.888258
0.092454
0.243105
0.503057
0.90712
0.111419
0.238441
0.507616
0.917682
0.106562
0.245934
0.494359
0.913936
0.123732
0.25373
0.492471
0.913017
0.128151
0.259061
0.480843
0.908798
0.12239
0.253632
0.469864
0.914404
0.11124
0.253086
0.456203
0.934831
0.096263
0.257052
0.434002
0.930197
0.114012
0.25562
0.432209
0.933961
0.106566
0.25778
0.423074
0.945389
0.098957
0.26085
0.410504
0.951068
0.113654
0.264035
0.401978
0.954535
0.105571
0.267122
0.39232
0.963752
0.097211
0.269233
0.380931
0.97067
0.111062
0.276055
0.367182
0.967763
0.103412
0.268363
0.356436
0.984872
0.085813
0.276047
0.330911
0.988495
0.085081
0.269583
0.322787
0.991974
0.082851
0.264572
0.313963
0.988613
0.079275
0.262277
0.290022
0.995277
0.087661
0.278555
0.269803
0.981106
0.08161
0.27516
0.269744
0.984231
0.07053
0.265684
0.253321
0.982107
0.059975
0.258173
0.225567
0.973847
0.044157
0.245363
0.210872
0.983548
0.030843
0.250509
0.191484
0.984935
0.027846
0.246981
0.182942
1.008891
0.005444
0.263737
0.143982
0.989864
0.050672
0.277437
0.14268
0.985497
0.048737
0.27526
0.143877
0.998853
0.034355
0.287888
0.126359
1.001685
0.040531
0.2926
0.119136
1.006222
0.038772
0.297756
0.105798
0.995417
0.061883
0.310326
0.093555
0.991495
0.069612
0.315173
0.082685
0.991444
0.066447
0.317887
0.073764
0.988181
0.079428
0.327898
0.054691
0.980541
0.087613
0.32332
0.046676
0.970244
0.109997
0.333276
0.024929
0.938324
0.132777
0.328151
0.022332
0.937659
0.118785
0.317248
0.015453
0.916511
0.135767
0.299701
0.01314
0.906089
0.180052
0.308027
0.016091
0.863825
0.276011
0.313321
0.0333
0.83713
0.329564
0.311445
0.050999
0.819312
0.382595
0.313428
0.075329
0.805191
0.412083
0.307266
0.087325
0.795234
0.440129
0.305665
0.102354
0.774884
0.500373
0.300988
0.133118
0.77573
0.534737
0.313022
0.155015
0.790413
0.592068
0.352359
0.222362
0.801568
0.582373
0.373722
0.240485
0.801477
0.582638
0.373738
0.240761
0.80106
0.582043
0.373889
0.241682
0.800879
0.581643
0.373993
0.242155
0.800424
0.580947
0.374611
0.244055
0.800359
0.580948
0.375953
0.246856
0.800523
0.580867
0.377674
0.249951
0.800429
0.580824
0.379008
0.252765
0.800317
0.580487
0.379934
0.25473
0.800173
0.580015
0.381159
0.257275
0.800175
0.580092
0.381293
0.257559
0.80018
0.580179
0.381271
0.257531
0.800197
0.580202
0.381095
0.257163
0.800217
0.58018
0.380836
0.256601
0.800226
0.580225
0.380695
0.256322
0.800243
0.580363
0.380341
0.255623
0.800271
0.580342
0.379945
0.254784
0.800312
0.580494
0.379517
0.253903
0.800357
0.580597
0.37916
0.253139
0.800406
0.580568
0.378904
0.252523
0.800454
0.580765
0.378752
0.252187
0.800454
0.580765
0.378752
0.252187
