0.012951
0.008182
0.071146
0.049984
0.009785
0.005484
0.08665
0.090845
0.015807
0.001008
0.090716
0.10534
0.021544
0.000954
0.095322
0.117582
0.031833
0.0043
0.103402
0.139163
0.038593
0.00688
0.107503
0.152498
0.047076
0.009879
0.112948
0.169271
0.050369
0.011045
0.115786
0.176496
0.058376
0.013497
0.117493
0.188537
0.06238
0.016382
0.123645
0.201392
0.065353
0.016717
0.126149
0.207126
0.06648
0.016481
0.127169
0.209001
0.069729
0.017507
0.128887
0.214901
0.072036
0.018133
0.129098
0.218001
0.075979
0.019969
0.132607
0.22713
0.076954
0.019852
0.134155
0.229499
0.081423
0.021446
0.136511
0.237756
0.082257
0.021527
0.137904
0.240023
0.083596
0.021582
0.138587
0.242054
0.08493
0.021795
0.139299
0.244264
0.08634
0.02206
0.140056
0.246646
0.092344
0.024428
0.142663
0.257382
0.090691
0.023345
0.144284
0.256311
0.091256
0.02222
0.142959
0.254428
0.099053
0.024973
0.1459
0.267599
0.102328
0.026375
0.149037
0.275229
0.100643
0.025765
0.150487
0.274419
0.108381
0.02852
0.152314
0.286383
0.10989
0.029031
0.154877
0.290845
0.110512
0.029169
0.156146
0.29282
0.120292
0.032109
0.159277
0.308146
0.122958
0.03415
0.156818
0.309952
0.121776
0.032818
0.162914
0.313778
0.127955
0.034361
0.165521
0.323734
0.125678
0.033503
0.167675
0.322819
0.13258
0.035371
0.16872
0.332212
0.138449
0.036727
0.171353
0.341653
0.145242
0.038239
0.174347
0.352432
0.141677
0.037075
0.177887
0.351349
0.146923
0.038379
0.178236
0.357874
0.146255
0.038283
0.178861
0.357734
0.162157
0.041028
0.180937
0.377281
0.160082
0.040652
0.184379
0.378245
0.162506
0.040912
0.186426
0.382724
0.16962
0.041846
0.188039
0.391763
0.170152
0.041967
0.190165
0.394366
0.172731
0.042234
0.191792
0.39855
0.181289
0.043049
0.193082
0.408428
0.190601
0.043939
0.194706
0.419295
0.195899
0.044051
0.197536
0.42684
0.195133
0.043745
0.200801
0.42889
0.196604
0.045049
0.199363
0.429481
0.20134
0.046246
0.197664
0.432834
0.21016
0.046986
0.196479
0.440218
0.212705
0.046662
0.203809
0.449827
0.217712
0.045743
0.207371
0.456768
0.223413
0.045362
0.20947
0.463397
0.227096
0.04504
0.211895
0.468503
0.220332
0.045366
0.218579
0.469137
0.233596
0.045522
0.218103
0.48022
0.238945
0.04861
0.2128
0.480663
0.249596
0.044857
0.217448
0.492495
0.258855
0.042847
0.219423
0.500202
0.257483
0.042424
0.223022
0.501905
0.264271
0.04101
0.224526
0.507533
0.278612
0.03841
0.224555
0.516889
0.27486
0.039056
0.229089
0.518525
0.275512
0.03917
0.23101
0.520687
0.283285
0.037892
0.231138
0.525831
0.292304
0.036073
0.231253
0.531412
0.294659
0.035472
0.23305
0.534265
0.295622
0.035303
0.234843
0.536365
0.306468
0.033033
0.234155
0.542046
0.318648
0.029802
0.233681
0.54801
0.323923
0.027977
0.235102
0.551572
0.321851
0.028058
0.238616
0.553125
0.340039
0.023318
0.236758
0.560534
0.344847
0.021284
0.238291
0.56347
0.359782
0.016541
0.237347
0.568937
0.372305
0.021282
0.227576
0.563543
0.376235
0.009556
0.241353
0.578392
0.388519
0.005557
0.241371
0.58222
0.392145
0.007632
0.238437
0.579825
0.404069
0.007459
0.233264
0.57856
0.40734
0.001278
0.241493
0.58834
0.421485
0.00676
0.24216
0.592452
0.433844
0.011819
0.242594
0.595867
0.447455
0.017442
0.24308
0.599153
0.448464
0.019656
0.245954
0.600205
0.46108
0.024305
0.246274
0.602324
0.475666
0.029667
0.245447
0.604466
0.481008
0.02836
0.243144
0.602153
0.495313
0.031072
0.236081
0.605474
0.49787
0.035132
0.240646
0.606245
0.493922
0.035942
0.246231
0.607685
0.502898
0.038601
0.24766
0.608972
0.509773
0.040134
0.246183
0.608793
0.51398
0.04232
0.247348
0.60901
0.51621
0.043748
0.248739
0.60912
0.528358
0.045837
0.24588
0.609908
0.546393
0.04929
0.241964
0.610665
0.553162
0.046403
0.24049
0.605411
0.580143
0.053812
0.23366
0.610797
0.578008
0.056975
0.238569
0.611214
0.591583
0.060393
0.237986
0.610717
0.598915
0.062947
0.239
0.609583
0.599316
0.062806
0.240068
0.609366
0.609973
0.064839
0.23996
0.608945
0.624889
0.06677
0.237189
0.60752
0.63139
0.068553
0.237836
0.605813
0.638321
0.068259
0.235593
0.602595
0.639967
0.070028
0.237465
0.60118
0.647515
0.070963
0.236439
0.599419
0.66047
0.072132
0.234919
0.597164
0.65788
0.071992
0.23855
0.597951
0.672461
0.07349
0.238359
0.59585
0.695918
0.074469
0.234769
0.592338
0.709421
0.075937
0.234504
0.588989
0.711978
0.072764
0.233738
0.585273
0.742552
0.05527
0.234375
0.558384
0.783968
0.084944
0.240183
0.571466
0.800544
0.083843
0.232106
0.56973
0.805497
0.089557
0.238902
0.563288
0.825918
0.089382
0.23935
0.551007
0.832056
0.090427
0.240573
0.54256
0.850515
0.092135
0.244585
0.531411
0.875188
0.090807
0.246756
0.515695
0.868823
0.086903
0.243146
0.51214
0.875205
0.087003
0.244534
0.499119
0.87739
0.0874
0.246089
0.489348
0.875007
0.086175
0.245509
0.483358
0.891332
0.080986
0.246386
0.46776
0.88933
0.079501
0.246328
0.462799
0.893865
0.077508
0.248189
0.452847
0.914721
0.073214
0.253398
0.436906
0.911223
0.068844
0.251667
0.434633
0.945433
0.062532
0.261778
0.408882
0.941329
0.064059
0.2634
0.404692
0.950648
0.062057
0.267445
0.385145
0.942634
0.057755
0.264157
0.379619
0.948156
0.053587
0.261683
0.360723
0.946848
0.050436
0.26068
0.350618
0.952489
0.045151
0.25998
0.330461
0.973686
0.041429
0.273706
0.306462
0.979622
0.045063
0.283532
0.292697
0.979646
0.043638
0.285784
0.284155
0.969099
0.035378
0.276629
0.276598
0.979316
0.029923
0.278891
0.245467
0.978439
0.028249
0.281074
0.235639
0.978086
0.025452
0.279298
0.219324
0.981746
0.02331
0.28389
0.194695
0.973349
0.017601
0.279468
0.188853
0.980079
0.015789
0.284527
0.165682
1.000965
0.007965
0.309717
0.135281
0.986367
0.028061
0.311947
0.140083
0.9848
0.063549
0.339623
0.115222
0.974241
0.080879
0.345957
0.104112
0.953433
0.108043
0.343346
0.082959
0.931887
0.129958
0.33835
0.06953
0.916924
0.1191
0.325098
0.051055
0.907869
0.11541
0.312203
0.045901
0.866127
0.160587
0.292054
0.04783
0.854073
0.181265
0.300029
0.08107
0.843394
0.196808
0.312851
0.11861
0.789884
0.317777
0.319495
0.171742
0.767747
0.477987
0.358836
0.255216
0.788402
0.553019
0.41092
0.325181
0.793685
0.568127
0.425464
0.34851
0.795681
0.571269
0.42363
0.342354
0.797641
0.574112
0.419033
0.33171
0.798237
0.574772
0.41665
0.326805
0.799207
0.576049
0.41206
0.31693
0.800135
0.578711
0.402068
0.297375
0.800541
0.580125
0.389824
0.27357
0.800244
0.580727
0.379049
0.253141
0.800246
0.580667
0.377861
0.250777
0.800408
0.580841
0.377633
0.250076
0.800536
0.580877
0.377681
0.249955
0.800548
0.580932
0.377914
0.250409
0.800481
0.580814
0.378247
0.251167
0.80038
0.580633
0.378677
0.252153
0.800286
0.580452
0.379173
0.25326
0.800224
0.580311
0.37977
0.254517
0.800202
0.580227
0.380455
0.255894
0.800211
0.580135
0.381104
0.257129
0.800258
0.580233
0.381265
0.257377
0.800292
0.580326
0.380935
0.256696
0.800311
0.580312
0.380451
0.255692
0.800315
0.580419
0.379896
0.254623
0.800315
0.580419
0.379896
0.254623
