0.003337
0.004279
0.028312
0.023971
0.019148
0.003764
0.043386
0.056356
0.014098
0.008437
0.052754
0.06543
0.032048
0.003783
0.07321
0.093254
0.028868
0.004495
0.070056
0.088703
0.035041
0.007863
0.06471
0.088729
0.059017
0.007856
0.086968
0.124229
0.052176
0.00744
0.087442
0.120605
0.061654
0.011922
0.091097
0.131946
0.064759
0.016429
0.084964
0.130094
0.066384
0.01525
0.091242
0.136441
0.074816
0.018013
0.091632
0.142993
0.082828
0.018598
0.092625
0.146943
0.085384
0.022751
0.101841
0.161166
0.093073
0.023906
0.106782
0.170901
0.102921
0.026087
0.110364
0.180818
0.110029
0.026828
0.115836
0.190262
0.11259
0.027334
0.122271
0.198008
0.107447
0.026945
0.127322
0.199812
0.106286
0.029771
0.123031
0.196474
0.108969
0.030363
0.122411
0.197431
0.118004
0.030383
0.125046
0.204631
0.114545
0.027687
0.131523
0.207523
0.126989
0.028221
0.134363
0.216852
0.129246
0.027984
0.139174
0.222322
0.13967
0.028186
0.142819
0.231075
0.139236
0.027248
0.14866
0.235684
0.141783
0.027096
0.152916
0.240731
0.14328
0.026796
0.157223
0.245148
0.145968
0.026748
0.161005
0.24982
0.158457
0.025538
0.164537
0.258427
0.160415
0.02399
0.170033
0.263419
0.164224
0.02235
0.175644
0.26931
0.185441
0.015869
0.184334
0.283616
0.177208
0.01515
0.191045
0.285118
0.176931
0.014022
0.196599
0.289109
0.180087
0.011166
0.203485
0.294813
0.177833
0.011472
0.207827
0.297476
0.174486
0.014069
0.20813
0.297021
0.177074
0.013419
0.210197
0.299184
0.181734
0.009458
0.215252
0.303365
0.190193
0.00199
0.223011
0.309883
0.198379
0.006461
0.231464
0.316442
0.207675
0.019724
0.243437
0.324064
0.209382
0.025881
0.251776
0.328423
0.21151
0.030848
0.258869
0.33253
0.211972
0.031194
0.263673
0.335732
0.2171
0.041707
0.273636
0.341084
0.215059
0.043117
0.277269
0.341494
0.218669
0.054867
0.286443
0.346655
0.210486
0.064228
0.294147
0.342726
0.218689
0.072167
0.298823
0.349143
0.221925
0.089264
0.307738
0.348109
0.24245
0.102394
0.310733
0.356775
0.26052
0.115175
0.319619
0.36443
0.261217
0.087434
0.317499
0.370432
0.23579
0.046607
0.321344
0.376916
0.217737
0.031081
0.332425
0.381736
0.21304
0.007752
0.331146
0.385649
0.205063
0.006738
0.340386
0.388455
0.212961
0.003286
0.340694
0.391202
0.217608
0.000611
0.341633
0.392997
0.218328
0.000273
0.344082
0.394171
0.217362
0.001848
0.3478
0.395027
0.217388
0.03586
0.365637
0.397499
0.222818
0.019889
0.365453
0.402234
0.207935
0.010175
0.368343
0.405589
0.183842
0.055523
0.371492
0.40945
0.170368
0.070663
0.378135
0.411515
0.190302
0.042267
0.387927
0.414854
0.202652
0.047804
0.384314
0.41643
0.194349
0.037007
0.390032
0.414885
0.212555
0.038977
0.388753
0.417254
0.215085
0.027214
0.394021
0.417492
0.210111
0.018967
0.399362
0.41713
0.221147
0.015251
0.401932
0.4191
0.228235
0.007464
0.40624
0.420488
0.23072
0.003845
0.411793
0.422221
0.223991
0.01067
0.416023
0.422691
0.230603
0.000032
0.426816
0.426879
0.241935
0.013413
0.435086
0.430523
0.201153
0.066441
0.458285
0.42437
0.293146
0.043651
0.457925
0.446483
0.289025
0.027825
0.465994
0.449468
0.240188
0.003929
0.478752
0.445154
0.190304
0.065439
0.490787
0.439285
0.15078
0.10376
0.502447
0.433705
0.157133
0.097281
0.503904
0.432807
0.177842
0.100727
0.496701
0.431146
0.184881
0.076426
0.497516
0.427946
0.189246
0.080122
0.494928
0.425624
0.183289
0.056193
0.51027
0.427703
0.184853
0.075687
0.516101
0.427666
0.16869
0.111686
0.517512
0.421942
0.152871
0.086985
0.532083
0.420439
0.169692
0.093032
0.531546
0.420539
0.169742
0.099362
0.532194
0.419137
0.162882
0.116792
0.530354
0.414054
0.146309
0.129602
0.523213
0.404488
0.140999
0.127989
0.511976
0.39627
0.144656
0.119174
0.500805
0.388592
0.148546
0.059966
0.519693
0.389424
0.170122
0.107709
0.532538
0.386164
0.151833
0.125038
0.536552
0.381602
0.139565
0.128251
0.534193
0.378985
0.138639
0.102846
0.549819
0.382769
0.145467
0.123887
0.560717
0.380189
0.141333
0.126997
0.560048
0.378425
0.138636
0.11235
0.569823
0.381165
0.139698
0.114052
0.571103
0.380937
0.13931
0.126259
0.577515
0.37829
0.138226
0.123411
0.579639
0.378813
0.139386
0.098386
0.600202
0.387126
0.137763
0.112277
0.615503
0.387675
0.128481
0.128736
0.62901
0.385331
0.131666
0.115419
0.644031
0.393722
0.130599
0.122569
0.658122
0.398058
0.125671
0.133812
0.673383
0.402811
0.125891
0.130583
0.69684
0.415362
0.122853
0.139638
0.714171
0.423624
0.123454
0.139609
0.736994
0.436377
0.122738
0.14585
0.755788
0.445925
0.12603
0.143878
0.767148
0.454598
0.128648
0.14238
0.77661
0.461489
0.131208
0.142257
0.784983
0.468471
0.132203
0.144118
0.797487
0.475934
0.132356
0.148241
0.808105
0.482073
0.137055
0.145078
0.816059
0.490932
0.141448
0.145774
0.826615
0.499329
0.141925
0.146659
0.831187
0.502652
0.141785
0.146592
0.831461
0.502958
0.1417
0.146773
0.831679
0.503023
0.141786
0.146744
0.831737
0.503088
0.141904
0.146619
0.831724
0.50316
0.141902
0.146594
0.831728
0.503181
0.141791
0.146724
0.831776
0.503136
0.141755
0.146767
0.831785
0.503114
0.141767
0.14671
0.831714
0.503092
0.141861
0.14657
0.831593
0.503082
0.141861
0.14657
0.831593
0.503082
