0.003752
0.004494
0.028064
0.023362
0.002924
0.000168
0.041847
0.043596
0.007065
0.001673
0.04266
0.04761
0.018709
0.013709
0.051233
0.069477
0.018068
0.010707
0.057138
0.073354
0.021125
0.011596
0.056456
0.074781
0.02893
0.012384
0.053128
0.076406
0.023947
0.005833
0.053148
0.069878
0.021384
0.002962
0.049747
0.063397
0.023241
0.003343
0.047926
0.062603
0.036089
0.009904
0.04523
0.070684
0.054073
0.017726
0.041392
0.08135
0.037294
0.012539
0.063846
0.09171
0.037435
0.008081
0.062777
0.088253
0.036666
0.005648
0.060453
0.084106
0.037057
0.003731
0.058051
0.080852
0.037273
0.003201
0.056334
0.078973
0.044872
0.005909
0.055125
0.082713
0.045314
0.00939
0.067553
0.098054
0.046828
0.008265
0.068733
0.099473
0.04546
0.00729
0.068101
0.09752
0.044145
0.005033
0.061705
0.089139
0.043889
0.00472
0.061537
0.088652
0.05033
0.006908
0.060304
0.092002
0.063253
0.012313
0.058924
0.100424
0.051208
0.010075
0.07322
0.107331
0.061331
0.013653
0.070187
0.111981
0.07395
0.016391
0.070069
0.118897
0.080907
0.020156
0.073811
0.129911
0.071282
0.013196
0.082251
0.129137
0.071832
0.012449
0.087161
0.133826
0.066598
0.012264
0.088114
0.131749
0.080459
0.017876
0.090588
0.144901
0.080504
0.018023
0.092871
0.147047
0.080253
0.018375
0.093519
0.147936
0.089883
0.02026
0.09275
0.152578
0.098089
0.024403
0.092482
0.160011
0.090883
0.022724
0.096079
0.158411
0.119655
0.028695
0.094183
0.174168
0.126734
0.031691
0.095238
0.181755
0.133867
0.032406
0.097976
0.187624
0.150102
0.036697
0.099187
0.199723
0.149589
0.038436
0.107997
0.210103
0.120752
0.027518
0.127679
0.207516
0.117304
0.02573
0.133388
0.2101
0.121444
0.027765
0.133765
0.213589
0.119327
0.029753
0.132037
0.211792
0.119296
0.029919
0.130884
0.209779
0.124055
0.03263
0.12751
0.211312
0.131699
0.03271
0.127706
0.21479
0.128441
0.031878
0.130082
0.215385
0.122592
0.030713
0.132518
0.214047
0.1334
0.026635
0.137834
0.218406
0.15036
0.031292
0.134049
0.229855
0.146304
0.030665
0.135672
0.229022
0.149125
0.02701
0.141151
0.23065
0.146824
0.027782
0.144597
0.236008
0.134999
0.026026
0.149399
0.233432
0.140739
0.024627
0.153664
0.238602
0.148883
0.025707
0.156191
0.246816
0.157164
0.025078
0.157615
0.251742
0.171672
0.020892
0.165082
0.263102
0.124056
0.020083
0.178751
0.251449
0.140518
0.023638
0.177379
0.259894
0.138798
0.030117
0.170855
0.256015
0.160403
0.028479
0.16817
0.26307
0.159894
0.025035
0.173553
0.265557
0.15601
0.024812
0.178023
0.267425
0.146115
0.02742
0.178389
0.264104
0.149791
0.027417
0.178319
0.26548
0.161333
0.023465
0.1823
0.272284
0.151175
0.026586
0.183069
0.26943
0.149792
0.028864
0.182404
0.269015
0.147353
0.033429
0.179273
0.267028
0.146541
0.035592
0.178189
0.266461
0.147592
0.032623
0.181381
0.266902
0.154292
0.032472
0.181571
0.271591
0.155098
0.029937
0.18392
0.271905
0.151701
0.031016
0.185638
0.27283
0.150983
0.032682
0.187124
0.274598
0.150819
0.033732
0.188304
0.275957
0.157408
0.030555
0.191784
0.280314
0.153496
0.033801
0.191164
0.279329
0.160374
0.029885
0.194309
0.282992
0.160775
0.029932
0.195884
0.28461
0.161038
0.028693
0.198384
0.286057
0.159522
0.026164
0.201505
0.285473
0.164019
0.025845
0.203323
0.28991
0.164171
0.022568
0.207014
0.290211
0.174765
0.015744
0.213366
0.298019
0.168776
0.024123
0.211716
0.297751
0.165211
0.024086
0.213414
0.296095
0.166259
0.026554
0.214166
0.298816
0.173862
0.019606
0.220588
0.304149
0.165209
0.034846
0.2189
0.305457
0.161011
0.041277
0.218655
0.306159
0.159173
0.033932
0.225915
0.305797
0.164732
0.035002
0.225349
0.310004
0.160874
0.023719
0.233869
0.307064
0.171354
0.023158
0.2337
0.313778
0.173503
0.024567
0.234093
0.315737
0.172406
0.022061
0.236399
0.315175
0.174615
0.022238
0.236569
0.317082
0.17536
0.014869
0.241726
0.317439
0.181301
0.013531
0.241868
0.32018
0.179284
0.000191
0.251244
0.318743
0.188845
0.018132
0.260974
0.325054
0.208898
0.023818
0.262974
0.331518
0.208368
0.026106
0.267051
0.332619
0.209599
0.028543
0.270191
0.335754
0.211147
0.024666
0.271542
0.337721
0.209072
0.023483
0.273669
0.337613
0.20637
0.033465
0.281732
0.338699
0.207373
0.047551
0.290927
0.343122
0.21921
0.019154
0.282815
0.349179
0.21665
0.015257
0.285147
0.349443
0.212406
0.022095
0.292455
0.351048
0.207342
0.034542
0.303208
0.354262
0.228722
0.03154
0.302085
0.359894
0.236082
0.027656
0.303249
0.364348
0.225283
0.038839
0.312027
0.362236
0.227545
0.033089
0.31598
0.366853
0.22203
0.049523
0.328042
0.368084
0.219121
0.064046
0.335947
0.36984
0.220383
0.076775
0.341473
0.368837
0.234394
0.074634
0.33962
0.373895
0.222369
0.080868
0.34711
0.372688
0.240536
0.049489
0.343603
0.381166
0.232038
0.000226
0.340855
0.388264
0.191669
0.048666
0.347128
0.391571
0.167289
0.087356
0.351009
0.395189
0.165664
0.091029
0.353513
0.396489
0.17235
0.08977
0.352236
0.396489
0.174978
0.085971
0.352296
0.395694
0.168746
0.069677
0.359265
0.393852
0.17322
0.054947
0.364584
0.394603
0.17126
0.04592
0.368616
0.393789
0.190229
0.062686
0.362636
0.398057
0.190401
0.064413
0.363622
0.398955
0.181955
0.071473
0.364981
0.398163
0.180396
0.067385
0.370006
0.399139
0.181422
0.062466
0.371995
0.399061
0.187622
0.062984
0.37248
0.400089
0.190266
0.06195
0.374578
0.401047
0.193692
0.061495
0.376221
0.401874
0.207585
0.027903
0.391401
0.405827
0.217817
0.051058
0.389137
0.41062
0.2141
0.061615
0.389297
0.411489
0.192388
0.070687
0.394772
0.410151
0.179338
0.062785
0.401355
0.408686
0.184682
0.068628
0.401998
0.410079
0.177762
0.051592
0.408819
0.40846
0.194716
0.056294
0.407528
0.411339
0.196994
0.061632
0.40853
0.412268
0.191846
0.065228
0.410714
0.41184
0.195791
0.065835
0.41195
0.41211
0.195478
0.061498
0.415053
0.411989
0.200018
0.061779
0.41687
0.412646
0.197791
0.058471
0.419791
0.412614
0.182875
0.04524
0.426956
0.410828
0.170389
0.032771
0.43443
0.410176
0.168859
0.025758
0.438845
0.410666
0.198751
0.062047
0.435095
0.416334
0.182971
0.090508
0.439479
0.415885
0.160609
0.081249
0.449942
0.414277
0.165698
0.082301
0.450442
0.415042
0.172247
0.090836
0.450612
0.415582
0.181665
0.08202
0.45649
0.417142
0.186068
0.079503
0.458413
0.41749
0.180915
0.076385
0.46065
0.416849
0.185186
0.077034
0.4627
0.416563
0.187954
0.075162
0.466283
0.416635
0.191699
0.065555
0.472337
0.417438
0.19172
0.06765
0.475204
0.417203
0.180844
0.085505
0.476896
0.414537
0.17064
0.085183
0.481773
0.411977
0.16966
0.097451
0.482106
0.410179
0.159602
0.09273
0.486413
0.408999
0.163815
0.092298
0.49024
0.408271
0.174827
0.091462
0.492047
0.408934
0.173319
0.08812
0.494296
0.408886
0.162929
0.071657
0.500318
0.408753
0.180659
0.087038
0.499594
0.409167
0.169722
0.088686
0.505058
0.407551
0.165409
0.110597
0.506346
0.404829
0.159181
0.109506
0.50811
0.403861
0.154047
0.101693
0.513149
0.401583
0.128834
0.031541
0.541769
0.405974
0.188186
0.071126
0.552635
0.411852
0.16564
0.116895
0.566175
0.403864
0.143118
0.130165
0.565254
0.397413
0.136618
0.11275
0.570915
0.398933
0.137676
0.113242
0.570837
0.398735
0.145644
0.117454
0.571525
0.397401
0.14526
0.110005
0.575031
0.398665
0.149177
0.104273
0.580279
0.398023
0.149965
0.096967
0.584921
0.399306
0.153471
0.10316
0.588916
0.397527
0.142378
0.115674
0.595451
0.391913
0.135785
0.114534
0.60036
0.391656
0.13306
0.117825
0.608948
0.389649
0.13637
0.126966
0.614932
0.387985
0.136062
0.121135
0.619517
0.390127
0.135938
0.117499
0.626225
0.392528
0.135177
0.119751
0.63341
0.394174
0.135523
0.112065
0.641643
0.398146
0.137147
0.112897
0.654755
0.403491
0.13296
0.123897
0.670621
0.406613
0.132748
0.126905
0.688772
0.41491
0.133417
0.123581
0.697872
0.420458
0.133217
0.124792
0.706264
0.424204
0.129793
0.132775
0.730402
0.434895
0.125523
0.142428
0.757425
0.447425
0.122217
0.151062
0.784552
0.460793
0.124153
0.150026
0.799637
0.470593
0.127751
0.150436
0.814483
0.480895
0.137239
0.146634
0.830262
0.496956
0.143992
0.149051
0.850891
0.512947
0.145121
0.154164
0.868781
0.525211
0.148249
0.154314
0.878474
0.533524
0.148636
0.154678
0.880182
0.534805
0.14863
0.154699
0.880342
0.534942
0.148655
0.154716
0.880631
0.535189
0.14868
0.154763
0.880893
0.535387
0.148755
0.154823
0.881121
0.535544
0.14882
0.15487
0.881298
0.535666
0.148824
0.154868
0.881383
0.535745
0.148805
0.154843
0.881388
0.535768
0.148774
0.154871
0.881361
0.535726
0.148774
0.154871
0.881361
0.535726
