0.006088
0.006824
0.073412
0.060475
0.010587
0.001089
0.087356
0.096742
0.008967
0.003985
0.083794
0.088679
0.02345
0.00185
0.092678
0.114063
0.028936
0.000743
0.094261
0.122175
0.040127
0.000627
0.099514
0.139854
0.038877
0.000818
0.098149
0.137436
0.061325
0.004026
0.107143
0.17176
0.057024
0.003928
0.107145
0.167391
0.056575
0.003595
0.106307
0.16578
0.061181
0.004297
0.108076
0.172769
0.065025
0.005246
0.109938
0.179339
0.078561
0.008347
0.112767
0.198514
0.085169
0.009723
0.115815
0.209357
0.091319
0.011002
0.11866
0.219432
0.099925
0.012912
0.12253
0.23349
0.105684
0.013999
0.124946
0.242547
0.10151
0.01254
0.129543
0.24159
0.101257
0.012269
0.128585
0.240118
0.116284
0.02246
0.107961
0.243404
0.117667
0.016268
0.12275
0.254207
0.113416
0.013067
0.133448
0.257477
0.130081
0.017201
0.129934
0.27414
0.126909
0.0155
0.138132
0.277459
0.150394
0.021239
0.132638
0.300152
0.157135
0.02286
0.138218
0.313538
0.15133
0.020501
0.14894
0.316141
0.15546
0.021624
0.150465
0.322619
0.159444
0.023064
0.151882
0.329141
0.17348
0.026381
0.148149
0.341916
0.160932
0.02302
0.162953
0.341193
0.167967
0.025039
0.160643
0.347491
0.169438
0.025772
0.161905
0.350799
0.170743
0.026391
0.163388
0.354045
0.166259
0.026491
0.168699
0.355067
0.186191
0.030747
0.160508
0.369803
0.203945
0.033469
0.157209
0.385567
0.222322
0.035159
0.158211
0.40478
0.228146
0.034866
0.165101
0.416211
0.219318
0.032198
0.178073
0.417918
0.216644
0.031957
0.183853
0.420764
0.207627
0.032862
0.193528
0.422687
0.214636
0.036184
0.191852
0.430439
0.231749
0.03812
0.187488
0.443348
0.232647
0.038186
0.191382
0.447797
0.234384
0.038453
0.194429
0.45241
0.233374
0.038752
0.197842
0.454954
0.236239
0.039246
0.199457
0.459417
0.235485
0.039672
0.202546
0.462007
0.236539
0.040393
0.203416
0.464395
0.234141
0.040615
0.208229
0.466874
0.247189
0.041576
0.205997
0.47706
0.251879
0.041937
0.207669
0.482928
0.25255
0.042175
0.211345
0.487046
0.253701
0.042707
0.214381
0.491271
0.255332
0.043246
0.21695
0.49547
0.251895
0.043685
0.220569
0.496185
0.26199
0.044488
0.220779
0.505669
0.254347
0.045644
0.229164
0.507914
0.253092
0.048038
0.232065
0.511692
0.267843
0.048075
0.229571
0.521743
0.269548
0.048357
0.231843
0.525412
0.271313
0.048716
0.234064
0.529151
0.275762
0.048766
0.235703
0.534265
0.278194
0.050895
0.233205
0.534106
0.282543
0.05008
0.234253
0.53856
0.279106
0.048724
0.241405
0.541714
0.273185
0.052472
0.247685
0.546121
0.276836
0.054805
0.249116
0.552376
0.279811
0.056336
0.246827
0.552514
0.289714
0.058387
0.241309
0.554272
0.292489
0.053475
0.249309
0.563259
0.292089
0.053694
0.25223
0.565977
0.292948
0.05376
0.255065
0.56907
0.284815
0.056642
0.264344
0.573542
0.287924
0.058491
0.266623
0.579521
0.29103
0.058718
0.267328
0.582722
0.30062
0.056535
0.267959
0.588652
0.299855
0.057164
0.270377
0.590725
0.300218
0.058465
0.269784
0.590563
0.302168
0.057969
0.272632
0.594863
0.297475
0.061597
0.277453
0.598802
0.300414
0.063091
0.279664
0.604113
0.304965
0.062327
0.281048
0.607997
0.308886
0.061579
0.283026
0.611868
0.307545
0.062764
0.285713
0.614178
0.311345
0.062259
0.287353
0.617795
0.310339
0.063228
0.289801
0.619968
0.31177
0.063754
0.291502
0.622748
0.308311
0.067201
0.294724
0.62596
0.306785
0.069905
0.297301
0.629437
0.308837
0.070497
0.298401
0.632139
0.30898
0.071304
0.299963
0.634311
0.315374
0.069182
0.301406
0.638114
0.312367
0.072821
0.304533
0.64177
0.310851
0.075537
0.307101
0.64522
0.308213
0.080563
0.308244
0.648515
0.304434
0.088098
0.311081
0.654667
0.300296
0.097377
0.316765
0.665013
0.301706
0.09979
0.319134
0.670047
0.30353
0.098912
0.320138
0.671469
0.305135
0.098145
0.321241
0.672908
0.306609
0.097475
0.32232
0.674298
0.305975
0.098597
0.324552
0.676873
0.307094
0.098633
0.325787
0.67875
0.310773
0.099239
0.323358
0.676463
0.313193
0.09547
0.327083
0.681052
0.318073
0.092661
0.328666
0.683369
0.320507
0.09126
0.33009
0.684918
0.326111
0.087688
0.3324
0.68739
0.327966
0.086694
0.333988
0.688966
0.32482
0.090028
0.335666
0.69089
0.329249
0.087811
0.338596
0.694149
0.326867
0.091349
0.339586
0.696254
0.325762
0.093287
0.341318
0.698406
0.325935
0.09384
0.342343
0.699713
0.328062
0.092892
0.343734
0.701247
0.330259
0.091813
0.345195
0.702854
0.328543
0.095295
0.34595
0.7052
0.329942
0.095253
0.347868
0.70751
0.328629
0.098026
0.348547
0.709465
0.325774
0.103588
0.350263
0.713633
0.333058
0.09832
0.355161
0.717629
0.331546
0.10144
0.355716
0.719638
0.331025
0.102737
0.357253
0.721454
0.333117
0.101395
0.358891
0.72284
0.333646
0.101446
0.359889
0.723928
0.33569
0.100049
0.361501
0.725183
0.336169
0.100087
0.362476
0.726214
0.33441
0.104264
0.362787
0.728682
0.335538
0.103998
0.364979
0.730719
0.336136
0.103982
0.36595
0.731746
0.334908
0.107257
0.366331
0.73395
0.337779
0.10488
0.3693
0.735949
0.338559
0.104451
0.370212
0.736699
0.337455
0.107539
0.370322
0.738542
0.339006
0.106754
0.372271
0.740241
0.338768
0.107462
0.37229
0.740614
0.337221
0.11142
0.373109
0.743605
0.338421
0.110828
0.37548
0.74556
0.339074
0.110466
0.376545
0.746397
0.337991
0.11351
0.376922
0.748503
0.339337
0.11245
0.379259
0.750116
0.341415
0.110448
0.381163
0.751064
0.34112
0.111636
0.381056
0.751726
0.342919
0.11014
0.382886
0.752865
0.342096
0.113113
0.382798
0.754643
0.339621
0.119647
0.383838
0.759267
0.335534
0.128158
0.386528
0.765867
0.334456
0.129752
0.388992
0.768346
0.336735
0.12662
0.391362
0.768901
0.339063
0.123682
0.393568
0.769497
0.341392
0.121004
0.395494
0.770047
0.342438
0.120491
0.396094
0.770569
0.343439
0.11988
0.396756
0.771062
0.344368
0.119207
0.397442
0.771453
0.345263
0.11868
0.39806
0.771877
0.344952
0.12193
0.397037
0.773427
0.34622
0.120502
0.399288
0.774478
0.346839
0.120154
0.400105
0.775024
0.348683
0.117766
0.40207
0.775467
0.350617
0.115525
0.403783
0.775833
0.351381
0.115362
0.404188
0.776249
0.350964
0.119558
0.402566
0.777941
0.352979
0.116398
0.406022
0.778809
0.352458
0.119514
0.405242
0.780246
0.350648
0.125673
0.405055
0.783835
0.352086
0.122794
0.409267
0.785257
0.351317
0.125592
0.409131
0.786882
0.349244
0.131151
0.409897
0.790657
0.349655
0.129854
0.41312
0.792066
0.350347
0.128721
0.414386
0.792381
0.352121
0.125762
0.416729
0.792553
0.352924
0.125036
0.417523
0.792853
0.352926
0.12825
0.416171
0.794264
0.351623
0.133384
0.416091
0.797485
0.350853
0.135226
0.416586
0.79893
0.349953
0.135797
0.418811
0.80039
0.35054
0.134439
0.420227
0.800554
0.352245
0.13095
0.422917
0.80053
0.353103
0.1297
0.423944
0.800621
0.353269
0.132506
0.422593
0.801814
0.352396
0.137977
0.422024
0.805188
0.351875
0.139306
0.422361
0.806241
0.352223
0.137094
0.425995
0.807161
0.352928
0.135523
0.427321
0.807122
0.354508
0.132472
0.429702
0.807035
0.35477
0.136261
0.42804
0.808857
0.35664
0.131861
0.432229
0.809091
0.356673
0.13551
0.430556
0.810592
0.355538
0.140297
0.430294
0.813434
0.354833
0.140424
0.432348
0.814507
0.356225
0.136485
0.435432
0.814156
0.35619
0.136919
0.435251
0.814326
0.357705
0.133673
0.43774
0.814144
0.358669
0.133289
0.437976
0.814249
0.358842
0.134562
0.437114
0.814517
0.360412
0.132296
0.438914
0.81462
0.360527
0.133771
0.438037
0.814999
0.360276
0.138544
0.436464
0.817377
0.360018
0.139238
0.436942
0.816548
0.359874
0.137709
0.439148
0.817858
0.361364
0.134038
0.442002
0.817686
0.362026
0.133403
0.442689
0.817788
0.362694
0.132429
0.443401
0.814742
0.363189
0.133143
0.443111
0.818145
0.36401
0.132437
0.44378
0.818439
0.364025
0.133624
0.443097
0.818659
0.365189
0.131254
0.445244
0.818678
0.365409
0.136096
0.442927
0.820683
0.363382
0.143306
0.442678
0.824854
0.364114
0.136555
0.450329
0.824957
0.364766
0.134336
0.452149
0.822739
0.365763
0.132008
0.453652
0.82378
0.36761
0.131244
0.453381
0.824024
0.368952
0.136861
0.449302
0.825661
0.367133
0.143994
0.449012
0.829793
0.363516
0.151672
0.450754
0.835141
0.362067
0.149943
0.455664
0.836237
0.362368
0.14822
0.457447
0.836149
0.362796
0.146805
0.458936
0.836146
0.364078
0.143175
0.461807
0.835709
0.365215
0.142539
0.462071
0.835758
0.365615
0.144062
0.460842
0.83595
0.366239
0.148955
0.45871
0.838488
0.366304
0.145996
0.462569
0.838646
0.366835
0.142601
0.465537
0.837203
0.367691
0.138673
0.468156
0.83652
0.369708
0.137989
0.467682
0.836664
0.372157
0.135485
0.468321
0.835874
0.37438
0.141674
0.462993
0.837383
0.373104
0.14832
0.462272
0.841135
0.370787
0.148848
0.465356
0.842238
0.371004
0.144575
0.469453
0.841663
0.371852
0.140679
0.472636
0.840954
0.373143
0.145956
0.469261
0.842912
0.373589
0.143896
0.471638
0.842624
0.373644
0.142842
0.472998
0.842524
0.373889
0.147664
0.470859
0.844581
0.371961
0.154904
0.470872
0.849036
0.369869
0.155118
0.474026
0.850117
0.370434
0.14756
0.480473
0.848701
0.370158
0.146376
0.481748
0.84418
0.370751
0.142232
0.484939
0.845106
0.370647
0.137263
0.488709
0.843278
0.373838
0.135328
0.488635
0.84504
0.375562
0.137172
0.486746
0.846076
0.379478
0.134057
0.487272
0.845141
0.383717
0.127117
0.489779
0.842573
0.387307
0.130046
0.484959
0.841961
0.389646
0.138877
0.479181
0.845118
0.386045
0.140654
0.481875
0.846161
0.384834
0.137674
0.486016
0.845466
0.384822
0.142806
0.483957
0.847613
0.382647
0.152381
0.482903
0.852656
0.37784
0.161816
0.485452
0.859195
0.374118
0.162894
0.489808
0.861057
0.374173
0.144919
0.504472
0.856761
0.377973
0.150936
0.498803
0.858679
0.379773
0.14935
0.49979
0.858172
0.380694
0.148657
0.500097
0.858039
0.382825
0.146001
0.500867
0.856609
0.384584
0.152363
0.497307
0.859505
0.384114
0.155708
0.496911
0.861241
0.382422
0.152474
0.502044
0.861117
0.382841
0.144565
0.508147
0.85909
0.386122
0.15159
0.502041
0.860822
0.386775
0.153443
0.50084
0.861616
0.385781
0.150024
0.505334
0.861132
0.385745
0.154342
0.503617
0.862859
0.384361
0.162075
0.502034
0.866448
0.382109
0.145179
0.517848
0.862483
0.387283
0.154803
0.509682
0.865673
0.386709
0.153162
0.512363
0.86332
0.386451
0.151428
0.514136
0.864152
0.387258
0.151043
0.514398
0.864301
0.387128
0.150566
0.515011
0.862575
0.387709
0.150402
0.514713
0.863797
0.388756
0.156827
0.51102
0.865909
0.38675
0.156336
0.513853
0.86625
0.387088
0.149145
0.519493
0.863971
0.389266
0.149639
0.517719
0.863326
0.390748
0.149577
0.516701
0.862616
0.391861
0.149442
0.515936
0.861761
0.392637
0.155913
0.512569
0.864026
0.389641
0.16396
0.513553
0.869234
0.38368
0.173899
0.516583
0.875849
0.375883
0.184134
0.5222
0.88396
0.368507
0.192306
0.529305
0.89229
0.366425
0.193319
0.531709
0.891171
0.365426
0.18993
0.53705
0.893928
0.368353
0.191947
0.535787
0.896152
0.368745
0.184977
0.541516
0.894794
0.369945
0.182749
0.54255
0.894013
0.372356
0.185506
0.540032
0.895318
0.373519
0.187378
0.538817
0.896284
0.373375
0.184766
0.541278
0.895743
0.374067
0.175409
0.547579
0.892559
0.37839
0.180937
0.541275
0.8937
0.378921
0.172183
0.546895
0.890286
0.379808
0.150196
0.561264
0.88192
0.384761
0.147765
0.559017
0.880217
0.394217
0.160615
0.543707
0.881114
0.398733
0.172523
0.533433
0.882971
0.393985
0.178517
0.534074
0.885382
0.391475
0.178207
0.536431
0.882847
0.388583
0.173668
0.541856
0.883881
0.387631
0.167153
0.547037
0.881867
0.388818
0.165934
0.546717
0.88065
0.389666
0.157628
0.551385
0.876787
0.394416
0.165609
0.544117
0.878699
0.393951
0.15803
0.549897
0.875714
0.397373
0.166495
0.543265
0.877833
0.394997
0.165393
0.546227
0.877699
0.39343
0.168888
0.545609
0.878831
0.38936
0.161831
0.553206
0.872595
0.39331
0.164405
0.548777
0.875307
0.395728
0.171111
0.544816
0.878315
0.393039
0.169929
0.548215
0.878254
0.391708
0.167581
0.551044
0.877538
0.391843
0.166629
0.551773
0.876593
0.392457
0.165459
0.55232
0.87573
0.394023
0.170979
0.550034
0.878779
0.392587
0.178965
0.550067
0.883882
0.390368
0.186025
0.547285
0.886176
0.387884
0.181788
0.551961
0.884944
0.386394
0.174188
0.558385
0.882714
0.387319
0.168765
0.561555
0.880297
0.390978
0.174686
0.55734
0.882826
0.39085
0.169812
0.561268
0.881104
0.392561
0.169648
0.55997
0.879721
0.393347
0.171654
0.558389
0.879935
0.392649
0.165439
0.56291
0.877829
0.39401
0.161555
0.564302
0.874922
0.39807
0.169081
0.559011
0.877926
0.398474
0.174509
0.557603
0.880996
0.395316
0.184394
0.556932
0.885789
0.387992
0.192913
0.559573
0.890399
0.383601
0.191315
0.565044
0.89091
0.382421
0.187375
0.568821
0.889849
0.381805
0.176836
0.576588
0.885839
0.384371
0.171702
0.578385
0.883743
0.392124
0.182126
0.567609
0.885411
0.393299
0.188008
0.565579
0.888762
0.391007
0.186078
0.568953
0.886963
0.390078
0.185415
0.570098
0.888124
0.388623
0.187719
0.570362
0.889341
0.386389
0.184463
0.57437
0.888444
0.387082
0.187119
0.573157
0.889726
0.386197
0.180984
0.577759
0.887053
0.387502
0.176111
0.579805
0.883905
0.389233
0.170801
0.581745
0.88112
0.394507
0.178608
0.574356
0.882747
0.393559
0.176484
0.576472
0.881785
0.392258
0.165142
0.584137
0.877186
0.397917
0.173499
0.5763
0.878949
0.397158
0.172895
0.577245
0.87781
0.396682
0.167731
0.580235
0.874451
0.398151
0.1659
0.579703
0.873024
0.399767
0.169825
0.576237
0.872709
0.40222
0.176318
0.572203
0.875381
0.398301
0.169078
0.579454
0.872763
0.399435
0.172315
0.577361
0.873828
0.398918
0.168289
0.579599
0.870529
0.401234
0.172057
0.575994
0.871409
0.399877
0.166868
0.579589
0.868039
0.400039
0.161619
0.582278
0.864966
0.402419
0.154468
0.584383
0.859721
0.407035
0.153373
0.581123
0.856141
0.410337
0.151289
0.579116
0.852327
0.415744
0.162529
0.570367
0.854912
0.415857
0.165412
0.569352
0.856125
0.415306
0.169132
0.568806
0.858049
0.408829
0.161665
0.577781
0.855659
0.408328
0.167286
0.576298
0.858072
0.404258
0.165973
0.579591
0.857161
0.403317
0.160513
0.58357
0.854161
0.405689
0.1567
0.583932
0.85072
0.408407
0.153671
0.583497
0.847079
0.413929
0.164544
0.576173
0.850588
0.409697
0.163185
0.57988
0.849964
0.407142
0.16939
0.579573
0.853164
0.407573
0.178923
0.573797
0.855693
0.405115
0.180838
0.575239
0.857365
0.399254
0.182762
0.579591
0.860007
0.3965
0.184186
0.581519
0.861245
0.391323
0.176298
0.5909
0.859157
0.393572
0.174957
0.591281
0.858562
0.396276
0.174564
0.590462
0.857455
0.395233
0.171585
0.593022
0.854728
0.39624
0.169065
0.593904
0.854055
0.401806
0.178274
0.58923
0.858754
0.401892
0.186057
0.585698
0.862761
0.400468
0.185543
0.587015
0.863187
0.396531
0.18075
0.592498
0.861423
0.395508
0.176852
0.595497
0.86
0.396859
0.175246
0.595374
0.858152
0.399473
0.181232
0.592092
0.860445
0.396242
0.177967
0.59681
0.859574
0.396087
0.171247
0.600879
0.856203
0.399504
0.172359
0.598133
0.854492
0.40053
0.161703
0.60327
0.84884
0.405358
0.164713
0.598324
0.84695
0.406948
0.159977
0.599292
0.843405
0.413328
0.171913
0.588857
0.844553
0.410252
0.179916
0.589174
0.849209
0.399304
0.189006
0.59381
0.854764
0.38367
0.19878
0.602086
0.861836
0.378495
0.197581
0.608385
0.862552
0.380167
0.19381
0.611538
0.862314
0.383354
0.187484
0.615336
0.859779
0.386279
0.18036
0.618585
0.856899
0.386005
0.178053
0.620182
0.853657
0.390771
0.177816
0.617288
0.852818
0.395804
0.179253
0.613364
0.851228
0.397477
0.173737
0.614141
0.846171
0.40273
0.183257
0.605674
0.84744
0.400943
0.189713
0.605346
0.85094
0.397246
0.19683
0.602295
0.853121
0.390562
0.198251
0.603746
0.853945
0.386532
0.187091
0.613044
0.849694
0.38944
0.18114
0.615721
0.846214
0.395845
0.189439
0.609343
0.849238
0.39221
0.184587
0.614918
0.847759
0.391518
0.181576
0.61686
0.845761
0.394917
0.188847
0.612615
0.848444
0.391823
0.180601
0.619385
0.844405
0.395
0.180529
0.616647
0.841856
0.396184
0.174537
0.617738
0.836277
0.399783
0.175175
0.613868
0.833338
0.401099
0.17362
0.612076
0.83022
0.403431
0.180583
0.607394
0.831483
0.398403
0.17644
0.613051
0.829901
0.39471
0.161683
0.623171
0.822894
0.408218
0.178368
0.608727
0.826339
0.408876
0.181556
0.608189
0.828349
0.40765
0.190637
0.603837
0.831513
0.398305
0.175387
0.617143
0.826225
0.39636
0.171714
0.619528
0.823771
0.397348
0.166155
0.619928
0.81747
0.402098
0.164473
0.615304
0.810525
0.405764
0.161085
0.612136
0.803835
0.408771
0.161521
0.608135
0.800307
0.403884
0.143385
0.618308
0.791764
0.417225
0.162266
0.601162
0.792051
0.417538
0.171414
0.599759
0.797102
0.409121
0.180907
0.602834
0.802628
0.399313
0.178249
0.610827
0.801644
0.393737
0.166034
0.621244
0.797555
0.399574
0.168143
0.617311
0.795318
0.403266
0.175987
0.613405
0.798476
0.395957
0.164417
0.623496
0.793204
0.399371
0.165183
0.619619
0.789813
0.401349
0.165416
0.615684
0.785099
0.400947
0.158992
0.616191
0.777188
0.392695
0.113087
0.640279
0.751233
0.423147
0.13248
0.610805
0.741386
0.427834
0.137172
0.602277
0.735584
0.423759
0.147873
0.598126
0.737006
0.409567
0.13904
0.602906
0.727616
0.409403
0.153453
0.593031
0.727122
0.405583
0.168481
0.595092
0.735952
0.395719
0.184444
0.600634
0.745769
0.380379
0.187599
0.611176
0.746534
0.372742
0.195288
0.616918
0.753101
0.363248
0.193729
0.626476
0.752108
0.360427
0.188406
0.635415
0.751419
0.366822
0.19546
0.637025
0.758851
0.36007
0.183563
0.650824
0.752573
0.362202
0.173916
0.658129
0.746969
0.370257
0.169867
0.657596
0.739663
0.380118
0.174817
0.647305
0.733754
0.379406
0.173013
0.645169
0.727712
0.373715
0.170069
0.645226
0.720709
0.372814
0.182234
0.635329
0.719017
0.367642
0.194847
0.637345
0.724248
0.367321
0.208385
0.630695
0.730128
0.353193
0.206473
0.638542
0.728053
0.341132
0.206876
0.650529
0.731187
0.336841
0.202143
0.660028
0.728811
0.337933
0.196978
0.667904
0.726913
0.338336
0.185051
0.681207
0.720364
0.346923
0.184685
0.681928
0.718485
0.356496
0.187138
0.677622
0.714353
0.356093
0.185946
0.677759
0.708159
0.345196
0.175259
0.686574
0.694133
0.339654
0.173743
0.684433
0.676743
0.349738
0.197674
0.664009
0.675279
0.346246
0.215474
0.66793
0.679943
0.336788
0.230638
0.674446
0.682504
0.332737
0.235467
0.677008
0.683136
0.323295
0.248539
0.681766
0.682078
0.299595
0.239397
0.714801
0.653723
0.292174
0.233805
0.734074
0.636708
0.301506
0.252295
0.736786
0.640753
0.300711
0.274104
0.74601
0.644577
0.284344
0.276267
0.769751
0.617083
0.282323
0.285589
0.77243
0.616776
0.274551
0.288272
0.784264
0.602244
0.275094
0.296628
0.786459
0.603514
0.274222
0.307433
0.790124
0.605688
0.271491
0.31238
0.792759
0.606538
0.265753
0.312897
0.7946
0.603933
0.264138
0.312769
0.795028
0.603165
0.259161
0.311115
0.806227
0.587997
0.264867
0.312321
0.806123
0.591247
0.267115
0.313573
0.806479
0.593209
0.242793
0.322297
0.838673
0.528774
0.243734
0.308503
0.849421
0.529477
0.245291
0.309582
0.855208
0.516466
0.259842
0.316098
0.846348
0.522831
0.26412
0.320044
0.834866
0.525437
0.260941
0.321439
0.822535
0.522735
0.250801
0.320593
0.824429
0.502101
0.244326
0.319499
0.834314
0.484436
0.249134
0.320419
0.83156
0.486699
0.25603
0.321809
0.819169
0.504547
0.251212
0.321143
0.819334
0.501912
0.249227
0.320572
0.819714
0.500603
0.243489
0.31924
0.831427
0.483545
0.23358
0.317315
0.853882
0.450075
0.23508
0.316788
0.862471
0.436382
0.245626
0.319608
0.858309
0.441311
0.247467
0.321443
0.848775
0.441811
0.239645
0.320675
0.847299
0.421467
0.231895
0.320024
0.844104
0.40054
0.234
0.320519
0.838284
0.400741
0.235705
0.320727
0.838276
0.401703
0.234919
0.320643
0.837682
0.401172
0.234056
0.320569
0.837053
0.400598
0.227295
0.319154
0.849055
0.382446
0.223233
0.317964
0.859899
0.365435
0.220472
0.316611
0.868937
0.34903
0.227035
0.317526
0.864825
0.351214
0.213426
0.31523
0.879494
0.314098
0.215248
0.315447
0.874674
0.313819
0.209562
0.314073
0.874113
0.294777
0.197621
0.311586
0.881294
0.257777
0.204763
0.312353
0.864363
0.25776
0.205095
0.312613
0.860642
0.257302
0.205055
0.312707
0.856989
0.25653
0.20363
0.312913
0.852882
0.255426
0.189041
0.309359
0.873814
0.221356
0.193268
0.309323
0.872332
0.222695
0.1811
0.305746
0.890238
0.190169
0.176393
0.303999
0.894518
0.174024
0.172267
0.302291
0.895371
0.158179
0.134048
0.288522
0.954943
0.057929
0.140228
0.282582
0.938991
0.068934
0.133859
0.281562
0.920582
0.054783
0.131966
0.281878
0.894358
0.051088
0.135098
0.281343
0.892012
0.051295
0.130604
0.279744
0.89739
0.041792
0.122621
0.275838
0.908239
0.025999
0.123362
0.272625
0.906109
0.03174
0.115904
0.268597
0.913631
0.01781
0.116492
0.26674
0.910447
0.020747
0.113026
0.264415
0.911835
0.014636
0.11364
0.263276
0.909027
0.016352
0.119826
0.266823
0.897345
0.029817
0.123479
0.270176
0.891727
0.034445
0.123936
0.27388
0.892693
0.027515
0.124268
0.27375
0.894995
0.02808
0.124116
0.27356
0.895719
0.028594
0.123357
0.272972
0.897659
0.030105
0.123204
0.27272
0.899728
0.030876
0.123933
0.272983
0.901594
0.030591
0.124045
0.2736
0.902392
0.029404
0.123552
0.273733
0.902246
0.029198
0.123297
0.27325
0.901827
0.030179
0.123654
0.272836
0.901075
0.030917
0.123799
0.273237
0.899381
0.029777
0.123734
0.273957
0.897036
0.028123
0.123718
0.273818
0.895085
0.028148
0.123613
0.273128
0.893676
0.029229
0.123613
0.273128
0.893676
0.029229
