0.007485
0.007224
0.065917
0.051216
0.04117
0.005764
0.11175
0.158228
0.090199
0.014287
0.113243
0.21639
0.109089
0.017933
0.118332
0.243363
0.101669
0.014249
0.129708
0.243692
0.151533
0.025502
0.117197
0.290541
0.196363
0.03348
0.114886
0.338443
0.202201
0.032189
0.131079
0.358247
0.228099
0.035181
0.135373
0.388802
0.242198
0.03485
0.146531
0.411581
0.251628
0.034586
0.156424
0.428953
0.276997
0.034571
0.160898
0.455177
0.271924
0.032919
0.175183
0.462236
0.295525
0.032053
0.179683
0.485491
0.297221
0.030845
0.190429
0.495314
0.319881
0.028129
0.196713
0.516755
0.336442
0.024302
0.206322
0.534524
0.366966
0.015937
0.216764
0.558917
0.366363
0.014019
0.228047
0.566139
0.371252
0.010678
0.238024
0.574853
0.391124
0.000724
0.25024
0.589959
0.390507
0.000827
0.260113
0.595815
0.392636
0.002997
0.269468
0.602665
0.401704
0.009372
0.280288
0.611435
0.423281
0.027081
0.298307
0.623983
0.415208
0.023358
0.306209
0.627992
0.403379
0.009839
0.311789
0.635348
0.405955
0.010096
0.324175
0.644557
0.411263
0.015282
0.332312
0.64914
0.431005
0.043737
0.35677
0.655517
0.430787
0.040833
0.358408
0.658026
0.436103
0.048247
0.36837
0.660938
0.447445
0.06907
0.38598
0.662653
0.460456
0.091921
0.403495
0.662963
0.474056
0.095975
0.403774
0.663205
0.485351
0.089206
0.393335
0.661988
0.497714
0.119361
0.412824
0.655432
0.500668
0.118639
0.4159
0.641468
0.506577
0.173882
0.448029
0.641864
0.526236
0.162402
0.432525
0.641436
0.543304
0.191165
0.446443
0.629556
0.566949
0.177661
0.429707
0.626047
0.579549
0.18756
0.432351
0.61683
0.582353
0.188737
0.437178
0.606813
0.591599
0.249431
0.460561
0.592235
0.635188
0.237508
0.443378
0.573625
0.660736
0.270503
0.457579
0.552224
0.747335
0.159523
0.41392
0.530279
0.748719
0.135399
0.407191
0.515731
0.701116
0.139378
0.425843
0.525
0.654253
0.158113
0.463564
0.531652
0.639846
0.043062
0.446683
0.546397
0.549091
0.098834
0.497818
0.564409
0.504732
0.010976
0.495689
0.584069
0.419179
0.028302
0.542558
0.615506
0.328274
0.09371
0.595131
0.639424
0.267313
0.158341
0.650282
0.625961
0.325059
0.176077
0.65471
0.635145
0.340769
0.16898
0.667681
0.631778
0.310723
0.131426
0.712054
0.59073
0.285108
0.111361
0.747107
0.529319
0.293167
0.179301
0.727473
0.484488
0.262445
0.263058
0.743403
0.40566
0.221903
0.307076
0.796128
0.332447
0.212119
0.318091
0.824045
0.322822
0.219223
0.318245
0.832497
0.326523
0.222327
0.318201
0.83609
0.327981
0.221966
0.317918
0.83838
0.32765
0.220586
0.317716
0.841622
0.327433
0.220257
0.317729
0.845245
0.328505
0.219997
0.317736
0.848914
0.329616
0.219981
0.317666
0.85128
0.330215
0.212934
0.315988
0.86296
0.312127
0.200575
0.312641
0.884819
0.277161
0.208593
0.313143
0.881297
0.279424
0.210781
0.313426
0.874807
0.278771
0.208479
0.313919
0.86365
0.275836
0.206343
0.314177
0.853819
0.273807
0.207105
0.314208
0.853483
0.274013
0.208265
0.314238
0.853053
0.274286
0.208533
0.314241
0.852123
0.274142
0.20757
0.314263
0.85095
0.273311
0.206699
0.314321
0.849918
0.272834
0.20682
0.31434
0.849807
0.273108
0.207687
0.314337
0.850303
0.273732
0.208242
0.314315
0.850793
0.273939
0.207482
0.314275
0.850853
0.273204
0.206946
0.314234
0.851401
0.27317
0.20712
0.31425
0.852692
0.273949
0.207677
0.314225
0.853874
0.274737
0.207711
0.31423
0.854049
0.274203
0.207525
0.314213
0.853727
0.273635
0.207525
0.314213
0.853727
0.273635
