0.005908
0.006613
0.064998
0.052481
0.026181
0.002859
0.097658
0.126449
0.041714
0.002694
0.102312
0.146277
0.063017
0.005758
0.108458
0.176468
0.067824
0.017035
0.08246
0.165237
0.1051
0.014152
0.110471
0.22793
0.097877
0.011298
0.12651
0.233897
0.103174
0.013263
0.127096
0.241532
0.130882
0.027763
0.099318
0.253863
0.126205
0.020449
0.131439
0.274955
0.124883
0.01844
0.138958
0.279177
0.128203
0.018899
0.13908
0.282942
0.138601
0.020963
0.138228
0.294085
0.146326
0.022453
0.139701
0.304316
0.188008
0.030391
0.129118
0.341096
0.175603
0.025863
0.14699
0.342247
0.208021
0.030438
0.143451
0.373379
0.214099
0.030817
0.152749
0.388018
0.205048
0.028343
0.166221
0.390212
0.24046
0.03208
0.15916
0.419078
0.211197
0.02555
0.191143
0.416654
0.212253
0.02891
0.193454
0.422903
0.237847
0.032627
0.184796
0.441026
0.250838
0.033787
0.184635
0.453281
0.255327
0.033981
0.188906
0.461254
0.259989
0.034278
0.192992
0.469269
0.276093
0.034375
0.193847
0.483765
0.255404
0.032336
0.214881
0.483316
0.250958
0.034914
0.220632
0.487201
0.271242
0.036027
0.216423
0.501444
0.272026
0.036902
0.219432
0.50559
0.275633
0.037542
0.221622
0.511079
0.291552
0.036495
0.222013
0.523393
0.278211
0.038334
0.235019
0.525692
0.283851
0.04037
0.238729
0.535394
0.29499
0.039806
0.239696
0.544602
0.295283
0.040573
0.243085
0.548508
0.307471
0.038869
0.244618
0.557709
0.304041
0.040058
0.249473
0.560425
0.317411
0.037752
0.251558
0.570125
0.329331
0.034138
0.255691
0.579301
0.336372
0.036215
0.25309
0.579184
0.348095
0.02832
0.263681
0.593618
0.354187
0.031873
0.26031
0.591437
0.359147
0.027345
0.265613
0.598591
0.372061
0.024876
0.266115
0.601084
0.369607
0.017896
0.279747
0.611349
0.372326
0.017248
0.285885
0.617912
0.374518
0.018969
0.285931
0.616314
0.380839
0.015444
0.29006
0.619256
0.38668
0.006748
0.301497
0.62878
0.385889
0.01028
0.300939
0.630354
0.388075
0.013753
0.300015
0.627466
0.391361
0.008306
0.309854
0.638974
0.39243
0.010827
0.309584
0.636674
0.401926
0.002043
0.324466
0.647527
0.401906
0.000438
0.32476
0.646914
0.410504
0.000109
0.327389
0.632579
0.413723
0.020104
0.344679
0.655431
0.417663
0.025475
0.350116
0.65619
0.418985
0.02373
0.350991
0.657022
0.420165
0.020104
0.349962
0.654153
0.422721
0.022609
0.353777
0.653094
0.425714
0.027119
0.359659
0.661469
0.429393
0.02737
0.36285
0.657216
0.430662
0.035289
0.369668
0.664367
0.42883
0.040068
0.377269
0.657699
0.427037
0.047747
0.385131
0.664954
0.429034
0.048114
0.387373
0.657071
0.436104
0.039945
0.379354
0.666757
0.438275
0.03472
0.379688
0.672619
0.435768
0.017066
0.376406
0.680624
0.433955
0.010562
0.376489
0.680011
0.432588
0.009232
0.380822
0.67887
0.429608
0.00262
0.382754
0.688307
0.429947
0.001048
0.382619
0.687315
0.430616
0.003093
0.388409
0.686619
0.430474
0.008511
0.393597
0.690656
0.429589
0.014776
0.400331
0.691792
0.434829
0.019356
0.404265
0.691526
0.437458
0.030594
0.414303
0.689973
0.440893
0.036445
0.417193
0.686457
0.446826
0.043433
0.419888
0.684585
0.44975
0.050533
0.423623
0.681829
0.455138
0.054808
0.422671
0.682015
0.453733
0.058957
0.429823
0.668725
0.454421
0.078797
0.443767
0.671515
0.474141
0.059978
0.425081
0.676676
0.474892
0.040325
0.420142
0.689261
0.451553
0.018905
0.432623
0.701424
0.431785
0.017235
0.436491
0.716227
0.401426
0.045171
0.453887
0.733933
0.388013
0.066041
0.455718
0.737079
0.375331
0.065927
0.470773
0.724935
0.370154
0.058437
0.487607
0.744645
0.368615
0.051004
0.495412
0.732085
0.371448
0.021295
0.514077
0.738286
0.401966
0.040132
0.490431
0.739956
0.402427
0.030844
0.499141
0.7295
0.394915
0.002026
0.523104
0.723379
0.403921
0.019884
0.528377
0.728082
0.399416
0.032924
0.539472
0.714953
0.400493
0.049144
0.5474
0.71754
0.445372
0.026675
0.516277
0.718527
0.481267
0.002026
0.486868
0.720268
0.481342
0.007463
0.495004
0.708282
0.492973
0.022684
0.499136
0.704566
0.509988
0.025017
0.495217
0.703924
0.509497
0.074766
0.522437
0.684472
0.524784
0.1345
0.54524
0.66714
0.519501
0.138768
0.559288
0.63173
0.513261
0.160214
0.568077
0.632679
0.592054
0.15212
0.535099
0.623028
0.613336
0.121706
0.525732
0.604405
0.611653
0.155507
0.524382
0.594373
0.622627
0.14743
0.51438
0.566121
0.695133
0.023963
0.444209
0.515942
0.693143
0.026721
0.4484
0.491358
0.660512
0.09065
0.48112
0.458284
0.732644
0.045224
0.432991
0.391281
0.743818
0.019727
0.411433
0.347387
0.729735
0.032492
0.402654
0.282801
0.7286
0.030042
0.411924
0.238374
0.724537
0.028465
0.409472
0.210666
0.724117
0.020481
0.396071
0.171297
0.731336
0.004426
0.396128
0.125966
0.73668
0.011382
0.392201
0.072731
0.76005
0.084647
0.372585
0.100247
0.722853
0.067182
0.370594
0.135135
0.687509
0.097773
0.348126
0.22652
0.674148
0.10975
0.340204
0.261049
0.650389
0.10991
0.33147
0.288648
0.620702
0.12734
0.31623
0.300185
0.617965
0.137712
0.316884
0.296132
0.607496
0.166653
0.315599
0.294192
0.582274
0.187544
0.304298
0.305588
0.567967
0.19839
0.295088
0.318387
0.536347
0.20955
0.274755
0.347358
0.529582
0.217939
0.271663
0.354254
0.521517
0.216239
0.268876
0.367714
0.521376
0.216395
0.268791
0.366771
0.519495
0.218304
0.268395
0.369613
0.518655
0.220057
0.267662
0.372337
0.510369
0.214162
0.266219
0.373046
0.506335
0.230848
0.267029
0.397382
0.464942
0.222507
0.242251
0.453451
0.458049
0.215405
0.240656
0.459972
0.452555
0.220315
0.238622
0.472032
0.439947
0.22527
0.232776
0.491295
0.43747
0.22942
0.232924
0.498674
0.432763
0.232262
0.229733
0.504649
0.427731
0.23481
0.229003
0.512424
0.420815
0.244066
0.225396
0.527825
0.400451
0.252052
0.212273
0.552993
0.387738
0.24893
0.206658
0.566941
0.02507
0.067683
0.120571
0.750288
0.321302
0.101106
0.108714
1.235574
0.338783
0.129895
0.116527
1.290067
0.331452
0.125094
0.116531
1.289243
0.327745
0.092543
0.110728
1.266416
0.314186
0.05101
0.105609
1.238166
0.315626
0.055894
0.105146
1.24307
0.343132
0.174363
0.114911
1.315023
0.346271
0.320643
0.113864
1.355492
0.351352
0.35352
0.115793
1.376225
0.351723
0.354398
0.116005
1.377334
0.351732
0.354512
0.116051
1.377463
0.351778
0.354566
0.116103
1.377632
0.351818
0.354683
0.116132
1.377785
0.351869
0.354846
0.116096
1.377838
0.351801
0.354958
0.116109
1.377813
0.351803
0.354986
0.116128
1.377865
0.351905
0.355009
0.1161
1.377948
0.351828
0.355098
0.116101
1.377891
0.351854
0.355044
0.116104
1.37791
0.351885
0.354985
0.116094
1.377906
0.351877
0.354857
0.116093
1.377838
0.351847
0.354766
0.116108
1.377822
0.351838
0.354716
0.116109
1.37779
0.351838
0.354716
0.116109
1.37779
