0.012103
0.009487
0.076115
0.054539
0.032219
0.009327
0.042951
0.065537
0.025387
0.008137
0.100115
0.116896
0.077274
0.026688
0.062825
0.164673
0.122357
0.038389
0.059789
0.217287
0.167158
0.019317
0.120271
0.303849
0.175153
0.027389
0.097487
0.295397
0.192989
0.021836
0.121515
0.332605
0.204733
0.030291
0.104436
0.33411
0.22838
0.028471
0.115029
0.366576
0.243851
0.043392
0.081841
0.360054
0.259632
0.034343
0.106176
0.393044
0.25875
0.032849
0.113063
0.397365
0.256105
0.02455
0.153966
0.427172
0.261137
0.026784
0.154154
0.434219
0.278178
0.031568
0.145385
0.446049
0.296075
0.041239
0.121946
0.446201
0.310689
0.037697
0.138935
0.475119
0.323195
0.049439
0.113263
0.467975
0.343041
0.041077
0.136989
0.505173
0.342256
0.039465
0.144213
0.50981
0.347343
0.037593
0.155938
0.524185
0.34943
0.038746
0.156234
0.526871
0.36466
0.045424
0.141567
0.529703
0.379791
0.043748
0.152145
0.553943
0.397513
0.045083
0.147814
0.56552
0.398716
0.041107
0.163043
0.576914
0.402181
0.043112
0.159694
0.576774
0.405403
0.040775
0.17435
0.593241
0.412944
0.041534
0.185867
0.611982
0.421313
0.042946
0.186439
0.620249
0.441132
0.04408
0.187031
0.638709
0.455441
0.044892
0.186833
0.650445
0.46142
0.050813
0.17519
0.644583
0.473999
0.046447
0.185335
0.663981
0.474259
0.046493
0.210771
0.689159
0.476419
0.050075
0.211835
0.693676
0.48995
0.061795
0.187153
0.68055
0.503381
0.063431
0.181278
0.683347
0.51305
0.049755
0.201155
0.710324
0.525973
0.048252
0.20157
0.716996
0.53654
0.046794
0.205773
0.726257
0.541105
0.046612
0.211472
0.734172
0.564716
0.041134
0.215553
0.747145
0.570941
0.044681
0.210111
0.742394
0.579211
0.04286
0.211595
0.746536
0.593353
0.033498
0.221236
0.760465
0.603659
0.030618
0.224845
0.764725
0.614604
0.033666
0.221052
0.757736
0.623977
0.023596
0.236866
0.776844
0.641654
0.026159
0.232871
0.76317
0.651288
0.015331
0.243574
0.77228
0.666044
0.001734
0.259484
0.788187
0.67587
0.006397
0.266418
0.793565
0.683835
0.00773
0.272977
0.800104
0.696255
0.014281
0.282811
0.80526
0.702313
0.012482
0.284099
0.800135
0.728073
0.044264
0.314856
0.806941
0.731093
0.040776
0.313501
0.804187
0.74123
0.042135
0.319561
0.789659
0.75116
0.075751
0.345708
0.8027
0.755539
0.073191
0.345736
0.796088
0.7674
0.067823
0.339932
0.80147
0.772614
0.060414
0.33529
0.80245
0.779111
0.057105
0.338659
0.790912
0.791022
0.057335
0.335545
0.806521
0.801059
0.056566
0.336096
0.807267
0.814878
0.085882
0.364467
0.797555
0.822908
0.070904
0.35349
0.798196
0.837925
0.07019
0.353495
0.79528
0.843145
0.066725
0.355458
0.78764
0.846132
0.078115
0.365802
0.785043
0.847992
0.090339
0.37343
0.784963
0.850936
0.127608
0.412106
0.764727
0.878434
0.09284
0.382171
0.76456
0.898657
0.088239
0.376717
0.757916
0.904259
0.08151
0.375235
0.753027
0.908666
0.087488
0.389984
0.737173
0.919842
0.088064
0.384579
0.738443
0.932953
0.068487
0.37197
0.738111
0.949314
0.091794
0.395168
0.718227
0.957492
0.081663
0.389712
0.712765
0.963329
0.083762
0.400523
0.69608
0.974555
0.08451
0.399539
0.68628
0.981813
0.091586
0.427641
0.655247
1.002293
0.089225
0.416383
0.649856
1.029714
0.066875
0.404373
0.633726
1.061655
0.012582
0.37927
0.621865
1.065072
0.074503
0.441363
0.568223
1.103216
0.017453
0.418461
0.547428
1.11883
0.001107
0.413434
0.522179
1.12131
0.001058
0.437979
0.496198
1.114732
0.025047
0.454354
0.485245
1.099528
0.069529
0.49047
0.459275
1.0827
0.123253
0.539873
0.417995
1.085301
0.14355
0.524679
0.414102
1.169674
0.016884
0.498206
0.34792
1.205728
0.049806
0.477578
0.320324
1.2201
0.118243
0.430204
0.281593
1.214311
0.139366
0.409913
0.272786
1.165819
0.15673
0.363482
0.276258
1.138252
0.142957
0.362606
0.297869
1.073485
0.119573
0.366307
0.359897
1.033933
0.135028
0.366215
0.415421
1.016947
0.178684
0.364684
0.471842
0.995265
0.220102
0.375625
0.544264
0.960448
0.238402
0.404646
0.622779
0.913905
0.244324
0.451743
0.711863
0.8953
0.24576
0.471785
0.745341
0.839951
0.264002
0.51992
0.831091
0.781808
0.294138
0.559587
0.904276
0.726989
0.319297
0.57914
0.944221
0.710204
0.325783
0.583246
0.952406
0.697692
0.329266
0.587041
0.957924
0.686048
0.326032
0.593854
0.961472
0.684793
0.324936
0.59596
0.963034
0.684794
0.325579
0.60066
0.967695
0.685068
0.326059
0.601588
0.968765
0.685295
0.326266
0.602685
0.969947
0.685587
0.326531
0.604371
0.971742
0.686189
0.327656
0.609342
0.977099
0.685599
0.328208
0.611719
0.979573
0.679989
0.315827
0.623038
0.972942
0.672689
0.285369
0.641183
0.961025
0.680835
0.287838
0.631752
0.948197
0.675864
0.256157
0.644667
0.922317
0.684358
0.268074
0.631309
0.917687
0.67937
0.262441
0.637016
0.897582
0.683097
0.242045
0.634045
0.881207
0.672884
0.189597
0.651385
0.844986
0.69844
0.230471
0.610291
0.81876
0.705395
0.227473
0.596863
0.794014
0.70443
0.226492
0.593786
0.778333
0.697192
0.20756
0.597353
0.767196
0.628676
0.136628
0.661659
0.670931
0.603176
0.004528
0.690266
0.710859
0.71481
0.163165
0.57389
0.620143
0.725008
0.165681
0.554491
0.594681
0.715746
0.138806
0.561285
0.559671
0.739038
0.191253
0.51002
0.494367
0.718811
0.174413
0.52103
0.443102
0.654364
0.066508
0.554067
0.409086
0.647494
0.048462
0.533096
0.389383
0.683328
0.114084
0.478124
0.300881
0.729951
0.220135
0.421859
0.192009
0.762635
0.329912
0.355744
0.020281
0.792413
0.429345
0.317268
0.117473
0.793707
0.424651
0.317059
0.12823
0.79376
0.419104
0.316472
0.136065
0.794172
0.41593
0.315057
0.142347
0.797698
0.382763
0.339646
0.173254
0.806156
0.388984
0.342054
0.190732
0.817325
0.400329
0.342115
0.214108
0.823196
0.371679
0.352269
0.239738
0.833621
0.350956
0.362156
0.249124
0.839753
0.340663
0.370759
0.237079
0.840492
0.33558
0.373972
0.23162
0.841026
0.337114
0.374016
0.231235
0.840358
0.337145
0.373679
0.229537
0.839741
0.338475
0.372742
0.228493
0.839435
0.339327
0.372375
0.229625
0.839149
0.339931
0.371902
0.22997
0.839073
0.340272
0.37172
0.229837
0.838935
0.340257
0.371674
0.229556
0.838965
0.340429
0.371621
0.229754
0.838989
0.340377
0.371642
0.229921
0.838991
0.340298
0.37167
0.229943
0.839005
0.340247
0.371694
0.229963
0.839037
0.340211
0.371723
0.229988
0.839171
0.340067
0.371851
0.230008
0.83928
0.339695
0.372066
0.229885
0.839329
0.339609
0.372129
0.229855
0.839375
0.33955
0.372179
0.229834
0.839463
0.339405
0.372285
0.229794
0.839542
0.339144
0.372424
0.229764
0.839607
0.339076
0.372478
0.229882
0.839619
0.339067
0.372476
0.230044
0.839611
0.339078
0.372461
0.230103
0.839611
0.339078
0.372461
0.230103
