0.007406
0.010097
0.073897
0.056391
0.035961
0.001861
0.099521
0.137108
0.045436
0.003902
0.095173
0.144155
0.075852
0.012063
0.085184
0.172302
0.107178
0.008935
0.11118
0.22613
0.118815
0.00896
0.116393
0.242794
0.149478
0.013348
0.114928
0.275675
0.14917
0.011989
0.124761
0.283792
0.168235
0.015856
0.122331
0.303697
0.178023
0.016592
0.126517
0.318017
0.189538
0.017983
0.12939
0.333336
0.211554
0.021566
0.128276
0.356868
0.23597
0.024732
0.129153
0.384031
0.247202
0.025434
0.134057
0.400102
0.249827
0.025208
0.141301
0.409442
0.271549
0.029371
0.137795
0.430335
0.274562
0.028871
0.144763
0.439464
0.277431
0.029322
0.149343
0.44705
0.301692
0.033769
0.142938
0.467352
0.307093
0.033725
0.148549
0.477654
0.342552
0.038829
0.138751
0.504801
0.352851
0.038778
0.144543
0.519321
0.372534
0.040265
0.144547
0.537744
0.395314
0.04112
0.144489
0.557835
0.419059
0.041258
0.14569
0.57875
0.45186
0.040471
0.146441
0.604936
0.47838
0.038303
0.151412
0.627781
0.482333
0.037719
0.161607
0.639589
0.515263
0.034329
0.163758
0.661797
0.519392
0.033597
0.172185
0.67167
0.53973
0.030499
0.179547
0.689096
0.55291
0.028603
0.187404
0.702705
0.574962
0.023613
0.194348
0.717386
0.589349
0.019865
0.201688
0.728459
0.598207
0.017739
0.209188
0.737902
0.616756
0.011232
0.218954
0.749979
0.632817
0.005542
0.228836
0.760723
0.658161
0.00715
0.243256
0.771797
0.673635
0.015113
0.253966
0.778668
0.683171
0.013451
0.255062
0.771738
0.697721
0.021134
0.264955
0.768773
0.704868
0.033278
0.277664
0.785041
0.71594
0.039159
0.285376
0.789698
0.725874
0.042103
0.292685
0.794152
0.734896
0.04344
0.298419
0.78928
0.748293
0.057971
0.316371
0.782224
0.757519
0.060682
0.315757
0.792936
0.768095
0.062508
0.318537
0.795765
0.777805
0.059288
0.318207
0.797674
0.789743
0.06422
0.325492
0.797545
0.802278
0.076951
0.339258
0.794353
0.812977
0.081285
0.344548
0.791729
0.824536
0.091149
0.365854
0.766801
0.835204
0.102442
0.368656
0.775281
0.845635
0.118512
0.386355
0.764754
0.843434
0.151044
0.412965
0.751724
0.860477
0.15894
0.418431
0.732587
0.878234
0.166686
0.413872
0.725564
0.897839
0.172991
0.421599
0.710336
0.924674
0.174057
0.425741
0.692075
0.956558
0.145627
0.409984
0.67863
0.982474
0.149796
0.423225
0.656202
0.995232
0.141084
0.433848
0.636178
0.996075
0.163613
0.459952
0.614707
1.041759
0.131498
0.439541
0.585883
1.058699
0.119241
0.459335
0.552157
1.056429
0.144656
0.488547
0.526327
1.047989
0.185265
0.498271
0.513474
1.0981
0.161853
0.501761
0.441727
1.113506
0.152095
0.551996
0.379975
1.114131
0.176784
0.583495
0.345264
1.179743
0.163776
0.578961
0.249289
1.190208
0.144657
0.624386
0.190162
1.193785
0.179283
0.629139
0.102485
1.211485
0.125294
0.639283
0.045053
1.159735
0.143237
0.622393
0.027487
1.113134
0.095575
0.590229
0.067779
1.076782
0.100366
0.608612
0.10832
1.032738
0.093791
0.578402
0.189189
1.004881
0.046848
0.557157
0.200747
0.958586
0.030824
0.521282
0.249385
0.865455
0.06157
0.482324
0.314176
0.804941
0.185001
0.429599
0.356109
0.774694
0.19778
0.415986
0.340774
0.711542
0.130468
0.406655
0.385683
0.690294
0.168937
0.382951
0.412565
0.666166
0.216327
0.355637
0.415267
0.654611
0.231474
0.346957
0.420819
0.639296
0.242602
0.337687
0.429353
0.622665
0.246569
0.330493
0.438947
0.560117
0.253478
0.29551
0.509076
0.547316
0.289893
0.283371
0.515295
0.514554
0.349184
0.255079
0.550319
0.496562
0.353958
0.248842
0.564
0.458901
0.373996
0.226138
0.605546
0.438591
0.410052
0.212722
0.63234
0.416744
0.420007
0.201804
0.656461
0.401657
0.426448
0.195316
0.67551
0.395756
0.43687
0.194183
0.690149
0.337748
0.467554
0.169292
0.77102
0.009224
0.314154
0.104289
0.936571
0.286246
0.30622
0.100793
1.323018
0.275872
0.123454
0.100751
1.271095
0.270304
0.022581
0.106435
1.282088
0.265475
0.089111
0.107135
1.285394
0.257488
0.285487
0.104278
1.301864
0.256902
0.435979
0.103317
1.34902
0.248923
0.634451
0.098006
1.42351
0.248807
0.74555
0.095768
1.481632
0.25002
0.826001
0.094389
1.529522
0.250139
0.832109
0.094319
1.533276
0.250269
0.833194
0.09432
1.534112
0.250251
0.833833
0.094302
1.534459
0.2503
0.834285
0.094306
1.534808
0.250278
0.835043
0.094279
1.535217
0.25029
0.835367
0.094275
1.535419
0.250293
0.835589
0.094272
1.535559
0.250275
0.836324
0.094251
1.535975
0.25029
0.836871
0.094239
1.536315
0.25029
0.836871
0.094239
1.536315
