0.00079
0.000977
0.009803
0.008033
0.000658
0.000958
0.010666
0.009033
0.000278
0.000825
0.012555
0.011377
0.000265
0.00089
0.0123
0.011069
0.000429
0.000546
0.014785
0.01451
0.000594
0.000645
0.015293
0.01505
0.000909
0.000487
0.017135
0.017314
0.002731
0.000951
0.025589
0.026999
0.001495
0.000535
0.018039
0.018655
0.001589
0.000033
0.019759
0.020916
0.001807
0.0002
0.020214
0.021724
0.002138
0.00008
0.020688
0.02225
0.00218
0.0008
0.023849
0.026174
0.00289
0.000105
0.02354
0.025888
0.007091
0.001436
0.038573
0.043215
0.006894
0.000778
0.050283
0.055528
0.003322
0.000251
0.023868
0.026549
0.003699
0.000494
0.02739
0.030724
0.004481
0.0012
0.034881
0.039561
0.00524
0.001176
0.037277
0.042593
0.004456
0.001471
0.030233
0.035116
0.006076
0.000954
0.040349
0.046131
0.005104
0.002016
0.036767
0.042582
0.006061
0.001224
0.038036
0.043987
0.006323
0.001291
0.040472
0.04666
0.006118
0.001832
0.041132
0.047592
0.007988
0.000997
0.046413
0.053775
0.007
0.002002
0.042844
0.050198
0.008099
0.001229
0.045271
0.052829
0.007981
0.001347
0.045155
0.052648
0.008398
0.001534
0.047509
0.055519
0.012122
0.001218
0.056106
0.064887
0.007701
0.001547
0.05122
0.058193
0.009115
0.00174
0.047072
0.055773
0.010074
0.001067
0.051275
0.060043
0.008502
0.000395
0.043229
0.049777
0.009001
0.000814
0.044297
0.051533
0.009023
0.001081
0.043629
0.051204
0.00992
0.000191
0.051239
0.058393
0.014446
0.002453
0.059386
0.068002
0.01375
0.001359
0.063812
0.072331
0.011552
0.001151
0.059151
0.068748
0.013283
0.000702
0.056791
0.0678
0.013018
0.000565
0.056805
0.067073
0.011365
0.001231
0.05189
0.061095
0.012692
0.000032
0.052984
0.061977
0.014152
0.001344
0.055187
0.064139
0.012683
0.000014
0.052926
0.061657
0.014818
0.001646
0.056034
0.06489
0.01318
0.000097
0.053109
0.062077
0.014161
0.000666
0.053399
0.0624
0.013811
0.00081
0.053357
0.061657
0.015964
0.003206
0.058045
0.065433
0.018534
0.00418
0.05812
0.067187
0.023725
0.011039
0.067295
0.072828
0.015136
0.001901
0.04818
0.055673
0.018261
0.002169
0.050141
0.055262
0.018865
0.008017
0.064015
0.065793
0.020535
0.007148
0.059321
0.065464
0.020447
0.006405
0.056139
0.062235
0.019838
0.006017
0.052242
0.057837
0.020466
0.008039
0.056895
0.05935
0.019865
0.005
0.050263
0.056476
0.020709
0.008477
0.059142
0.060137
0.024348
0.010373
0.05951
0.062778
0.023357
0.009032
0.057765
0.060097
0.022907
0.007056
0.057228
0.056069
0.027645
0.014442
0.06159
0.060173
0.027788
0.012796
0.056474
0.058076
0.023633
0.009067
0.048899
0.049017
0.023532
0.009406
0.055979
0.054882
0.026475
0.010521
0.058603
0.059228
0.024509
0.008802
0.058418
0.058808
0.028252
0.010351
0.057995
0.059561
0.028859
0.010985
0.059136
0.059594
0.029503
0.010107
0.054709
0.057078
0.027518
0.008288
0.050095
0.052259
0.024655
0.006937
0.054355
0.053508
0.029093
0.010796
0.058901
0.05638
0.033982
0.014898
0.05923
0.055536
0.033618
0.013263
0.051062
0.049722
0.025752
0.008589
0.049056
0.042861
0.03214
0.013002
0.055784
0.047678
0.037839
0.016084
0.059752
0.052988
0.038172
0.015946
0.059453
0.053872
0.038466
0.014372
0.048556
0.044609
0.032799
0.011911
0.047543
0.037513
0.043027
0.02034
0.056444
0.040236
0.047186
0.021753
0.055551
0.044306
0.046744
0.020201
0.047098
0.035058
0.049991
0.021715
0.0409
0.025161
0.058289
0.027379
0.038413
0.019989
0.049983
0.024675
0.042339
0.01081
0.051268
0.022363
0.043407
0.01592
0.039554
0.010919
0.06899
0.050271
0.038698
0.008614
0.077095
0.058478
0.047758
0.014262
0.075054
0.057697
0.051343
0.016054
0.066488
0.048901
0.052364
0.01658
0.049476
0.029052
0.049676
0.017953
0.045656
0.013658
0.054046
0.018257
0.052661
0.019613
0.053588
0.017683
0.065174
0.034101
0.052559
0.016105
0.066522
0.035135
0.050855
0.014081
0.064697
0.030912
0.04531
0.008678
0.065995
0.025178
0.053508
0.013423
0.060819
0.019545
0.064071
0.020811
0.055216
0.022652
0.063939
0.020282
0.056166
0.015277
0.065119
0.020399
0.052696
0.000539
0.056986
0.018401
0.063652
0.001072
0.05942
0.018211
0.058021
0.00592
0.067091
0.022141
0.05098
0.000364
0.05969
0.013848
0.053428
0.015204
0.069103
0.023883
0.056549
0.007706
0.074596
0.027992
0.055794
0.00661
0.074189
0.028384
0.06358
0.000148
0.05514
0.012256
0.089637
0.035272
0.044569
0.002075
0.087163
0.035882
0.051279
0.008071
0.076999
0.038685
0.047641
0.005511
0.078906
0.04025
0.043007
0.001518
0.078136
0.033161
0.034214
0.006459
0.069417
0.017449
0.034183
0.006219
0.058829
0.040305
0.025549
0.014498
0.052423
0.045895
0.026823
0.013243
0.040784
0.06623
0.020631
0.020442
0.02768
0.064911
0.024283
0.016068
0.04121
0.091893
0.022784
0.017805
0.075466
0.121615
0.020742
0.019637
0.091311
0.124731
0.021281
0.019154
0.088433
0.122191
0.022714
0.017761
0.085824
0.118808
0.023364
0.017133
0.08382
0.116814
0.023541
0.016974
0.081486
0.113611
0.023667
0.016857
0.080377
0.111683
0.023892
0.016637
0.079775
0.111648
0.023758
0.016767
0.079445
0.111394
0.023669
0.016854
0.0791
0.111221
0.023589
0.016933
0.078694
0.111185
0.02361
0.016912
0.078901
0.111287
0.023659
0.016864
0.079015
0.111359
0.023698
0.016827
0.079171
0.111426
0.023741
0.016784
0.079554
0.111495
0.023827
0.016701
0.079657
0.1115
0.023805
0.016723
0.079286
0.111305
0.02367
0.016852
0.078786
0.111053
0.023668
0.016857
0.078647
0.111047
0.023614
0.016909
0.078597
0.111049
0.023654
0.016867
0.078978
0.111188
0.023654
0.016867
0.078978
0.111188
