0.000844
0.000901
0.009592
0.007838
0.000344
0.000039
0.017317
0.017396
0.000584
0.00077
0.014976
0.01458
0.001214
0.000173
0.018446
0.019187
0.001414
0.000398
0.018738
0.020099
0.001967
0.000494
0.021306
0.023234
0.002426
0.001116
0.025663
0.028472
0.002897
0.002473
0.032224
0.036753
0.0045
0.001842
0.037535
0.042862
0.00494
0.002031
0.038404
0.044272
0.00743
0.002393
0.051285
0.059786
0.007588
0.004508
0.058276
0.068905
0.007324
0.004432
0.05233
0.062333
0.009541
0.004058
0.059068
0.070747
0.010354
0.002918
0.059996
0.071046
0.013783
0.000247
0.064399
0.07602
0.014645
0.000519
0.067862
0.079293
0.019828
0.002273
0.070852
0.085427
0.01828
0.00197
0.067864
0.080611
0.015536
0.000667
0.06047
0.071338
0.015761
0.001426
0.057301
0.067192
0.020879
0.008654
0.070146
0.07593
0.022728
0.009391
0.067972
0.07536
0.023236
0.00935
0.061313
0.068499
0.021065
0.008187
0.052784
0.058415
0.025266
0.015896
0.064812
0.062919
0.028584
0.015782
0.056143
0.059723
0.026453
0.014123
0.051399
0.053113
0.028294
0.016923
0.052608
0.05073
0.027804
0.016444
0.052414
0.048746
0.034182
0.020853
0.05311
0.051165
0.03346
0.020439
0.053885
0.048266
0.041678
0.025733
0.046545
0.042266
0.02824
0.018865
0.046442
0.034407
0.032284
0.018697
0.054318
0.043492
0.040941
0.024861
0.059983
0.04838
0.054011
0.033536
0.053491
0.042106
0.043745
0.026145
0.039212
0.026252
0.029018
0.014146
0.038395
0.020155
0.039386
0.018913
0.048028
0.030943
0.039208
0.015304
0.051189
0.020491
0.056405
0.035057
0.065026
0.034863
0.062072
0.033444
0.054687
0.036706
0.062481
0.03192
0.031201
0.01246
0.052091
0.027829
0.02514
0.011534
0.052321
0.025105
0.043449
0.009693
0.05075
0.021275
0.058368
0.031077
0.055371
0.021912
0.063662
0.039007
0.057215
0.022803
0.062056
0.037109
0.058134
0.02235
0.045105
0.019507
0.054709
0.021384
0.041132
0.003421
0.05714
0.021519
0.05446
0.016498
0.063954
0.026041
0.064859
0.021501
0.054204
0.016924
0.074957
0.034337
0.05373
0.015979
0.06997
0.031937
0.052145
0.011308
0.064688
0.010546
0.062254
0.022959
0.070092
0.009229
0.067842
0.024519
0.064694
0.017675
0.069976
0.025831
0.066404
0.018326
0.071262
0.027164
0.055045
0.002582
0.063283
0.01904
0.041489
0.024303
0.057702
0.015608
0.038249
0.038254
0.054643
0.011561
0.061429
0.007627
0.047304
0.004736
0.11014
0.067561
0.030759
0.010333
0.165467
0.125165
0.031898
0.008132
0.139003
0.109798
0.026171
0.013468
0.104909
0.092681
0.023392
0.016152
0.091871
0.092116
0.023058
0.016486
0.087679
0.094877
0.021883
0.017876
0.06907
0.104826
0.020515
0.019579
0.06468
0.113656
0.018781
0.021711
0.075582
0.129034
0.021869
0.018554
0.09003
0.125283
0.02372
0.0168
0.081187
0.112246
0.023848
0.01668
0.080437
0.112168
0.023674
0.01685
0.079114
0.111345
0.023613
0.016909
0.078802
0.111165
0.02364
0.016883
0.078822
0.111163
0.023742
0.016784
0.079087
0.111286
0.023757
0.016767
0.079424
0.111356
0.023797
0.01673
0.079536
0.111443
0.023762
0.016764
0.079385
0.111439
0.023641
0.016881
0.079089
0.111307
0.023592
0.016926
0.078918
0.111209
0.023658
0.016866
0.078692
0.110863
0.023726
0.016799
0.07878
0.110762
0.023663
0.016857
0.079405
0.111402
0.023622
0.0169
0.079777
0.111943
0.023649
0.016874
0.079747
0.111946
0.023628
0.016895
0.079466
0.111572
0.023764
0.016762
0.079075
0.111239
0.023786
0.016743
0.078711
0.110799
0.023771
0.016756
0.07879
0.110938
0.023664
0.016866
0.079275
0.111516
0.023664
0.016866
0.079275
0.111516
