0.004887
0.006712
0.047244
0.040633
0.092306
0.031509
0.074691
0.1451
0.134902
0.048768
0.081786
0.185902
0.207851
0.0719
0.094189
0.252007
0.259373
0.087337
0.104562
0.29921
0.312829
0.105175
0.119086
0.352446
0.331085
0.109034
0.121712
0.366903
0.367239
0.123201
0.13496
0.406971
0.404976
0.136762
0.144497
0.443417
0.386649
0.134667
0.131817
0.41896
0.430373
0.145474
0.146907
0.461899
0.421222
0.144842
0.140536
0.449461
0.479005
0.159474
0.160699
0.506053
0.493155
0.164222
0.161435
0.515563
0.52824
0.173924
0.171846
0.547578
0.555439
0.181425
0.179617
0.571546
0.598849
0.198444
0.202833
0.623406
0.639132
0.208134
0.216977
0.659679
0.665657
0.21813
0.224605
0.682458
0.673265
0.221207
0.222639
0.683171
0.667462
0.220444
0.215865
0.670522
0.667758
0.221335
0.215071
0.666979
0.689455
0.227386
0.225867
0.68642
0.646863
0.218826
0.209009
0.642415
0.626481
0.216024
0.20702
0.626713
0.624833
0.215213
0.207895
0.624563
0.647787
0.217171
0.218335
0.642379
0.652566
0.217428
0.221327
0.645356
0.713836
0.223216
0.251868
0.696462
0.716368
0.221337
0.256933
0.697181
0.724508
0.220425
0.263985
0.70232
0.743146
0.220638
0.275676
0.715828
0.769987
0.220686
0.29392
0.736349
0.769469
0.218968
0.295147
0.732572
0.783105
0.217176
0.306866
0.741799
0.827253
0.214019
0.346053
0.779743
0.820499
0.211797
0.337456
0.76515
0.82056
0.209143
0.338011
0.760022
0.828682
0.204701
0.349525
0.765013
0.830247
0.201266
0.354635
0.763656
0.836328
0.195949
0.365639
0.766619
0.837892
0.192131
0.371168
0.765323
0.85469
0.177423
0.402623
0.780171
0.856193
0.177427
0.392233
0.767681
0.863268
0.17213
0.394191
0.762206
0.870032
0.153063
0.423208
0.770243
0.868405
0.150544
0.424353
0.765034
0.868382
0.142784
0.432568
0.761937
0.867883
0.137468
0.438343
0.757825
0.866639
0.109457
0.468916
0.759975
0.870169
0.113329
0.46479
0.753325
0.871076
0.10904
0.469131
0.749237
0.869556
0.105098
0.474319
0.746372
0.86666
0.096407
0.48401
0.744349
0.859293
0.076182
0.500963
0.744064
0.863492
0.076891
0.504564
0.743121
0.852851
0.04828
0.529748
0.743609
0.856572
0.052098
0.533038
0.742431
0.853171
0.043018
0.545585
0.742207
0.829703
0.00198
0.580398
0.745993
0.805567
0.045148
0.612726
0.752627
0.817856
0.041823
0.625796
0.758372
0.824557
0.047861
0.640644
0.763566
0.742332
0.172584
0.709221
0.796168
0.843979
0.01539
0.725777
0.814126
0.847066
0.00798
0.745023
0.823429
0.812577
0.018296
0.777411
0.838163
0.789694
0.021742
0.807551
0.852611
0.776883
0.02032
0.832912
0.859393
0.709854
0.003976
0.927932
0.918832
0.857169
0.252366
0.992029
0.949834
0.792485
0.202678
1.032214
0.969666
0.730804
0.194717
1.122969
1.024441
0.765358
0.329999
1.215284
1.071303
0.747094
0.378692
1.280554
1.100959
0.732189
0.399001
1.315938
1.116439
0.716548
0.446214
1.382696
1.147913
0.69397
0.596292
1.561276
1.2255
0.706442
0.662872
1.61757
1.252027
0.712795
0.692752
1.657786
1.276031
0.731986
0.739577
1.712742
1.311577
0.767817
0.78408
1.760325
1.352273
0.830354
0.804248
1.786548
1.398061
0.875613
0.831438
1.814067
1.41939
0.890559
0.810321
1.812804
1.441919
0.913356
0.80216
1.810961
1.458066
1.021849
0.755982
1.786869
1.507452
1.101527
0.648589
1.744193
1.568379
1.130147
0.615554
1.734673
1.604054
1.130231
0.615891
1.736746
1.612142
1.127572
0.618106
1.73991
1.61982
1.124643
0.621511
1.74336
1.626418
1.116091
0.624221
1.749087
1.637078
1.109305
0.624881
1.752649
1.643477
1.106112
0.628677
1.755668
1.645983
1.098104
0.635117
1.759864
1.644836
1.087013
0.637677
1.762501
1.642326
1.079733
0.646982
1.766463
1.637263
1.079733
0.646982
1.766463
1.637263
