0.010482
0.007841
0.044986
0.034531
0.207771
0.068238
0.107516
0.263833
0.136702
0.053624
0.079909
0.187572
0.304166
0.099059
0.124461
0.350455
0.307758
0.100706
0.122709
0.351451
0.380584
0.128156
0.145026
0.42777
0.359097
0.128771
0.124662
0.394978
0.388502
0.145588
0.141399
0.435938
0.45963
0.160953
0.164853
0.504085
0.501341
0.176934
0.183927
0.552525
0.543316
0.189513
0.19177
0.586741
0.579967
0.204394
0.199888
0.619081
0.609173
0.213166
0.210544
0.647447
0.650294
0.232795
0.235681
0.701072
0.679793
0.24093
0.244613
0.725879
0.708361
0.253432
0.259382
0.758031
0.716387
0.25438
0.254486
0.75321
0.729642
0.261959
0.260475
0.765562
0.740888
0.264699
0.260883
0.76917
0.767006
0.27719
0.278735
0.801848
0.794044
0.282196
0.288013
0.821183
0.812622
0.288179
0.298004
0.838737
0.846836
0.303705
0.322641
0.880689
0.863345
0.304968
0.327373
0.887055
0.877528
0.308801
0.334373
0.894439
0.89731
0.314649
0.346621
0.909639
0.906878
0.31519
0.351891
0.912227
0.942291
0.331992
0.384288
0.95735
0.967914
0.339481
0.405387
0.986008
0.983827
0.342726
0.42382
1.000509
1.005428
0.350962
0.448414
1.022721
1.021976
0.356651
0.467829
1.041858
1.049346
0.3664
0.50656
1.075272
1.006223
0.321118
0.479166
1.002188
1.00467
0.307101
0.482281
0.987849
0.994389
0.297815
0.496683
0.98262
0.939297
0.257971
0.481514
0.92089
0.917352
0.24099
0.495041
0.908873
0.869911
0.209591
0.487465
0.863359
0.874074
0.204883
0.504476
0.870732
0.86189
0.187919
0.504327
0.852538
0.857159
0.178786
0.502951
0.83948
0.855284
0.167591
0.512943
0.835466
0.86246
0.163423
0.497838
0.816462
0.87901
0.162426
0.475286
0.793945
0.890833
0.159922
0.457858
0.774152
0.892868
0.156907
0.452266
0.762723
0.890845
0.149553
0.459935
0.760893
0.883083
0.139228
0.464832
0.753101
0.878109
0.127936
0.474618
0.750475
0.87525
0.122522
0.479996
0.748228
0.870714
0.113718
0.488602
0.745502
0.86557
0.102803
0.499476
0.743355
0.859997
0.090903
0.511009
0.742568
0.837644
0.054169
0.532673
0.739466
0.828563
0.036328
0.550461
0.741629
0.81888
0.013175
0.567505
0.742351
0.822781
0.005125
0.581965
0.745617
0.819491
0.0102
0.598699
0.748842
0.811595
0.022077
0.612091
0.751224
0.790628
0.05332
0.636151
0.755954
0.802413
0.028604
0.641966
0.758443
0.785865
0.048725
0.665244
0.765445
0.797613
0.042539
0.678775
0.771531
0.810682
0.030923
0.696409
0.779209
0.796837
0.050327
0.714467
0.785532
0.738366
0.120851
0.743725
0.800209
0.669977
0.198109
0.767531
0.8179
0.673208
0.200383
0.782792
0.832437
0.821777
0.00574
0.83512
0.870267
0.829856
0.054123
0.873162
0.891599
0.805631
0.099725
0.894579
0.891066
0.764916
0.154617
0.913936
0.880839
0.739573
0.179659
0.926542
0.875628
0.667482
0.250924
0.940361
0.843296
0.582501
0.320186
0.957474
0.806131
0.509297
0.346532
0.975107
0.780147
0.503905
0.359688
0.979869
0.771532
0.503403
0.337627
0.998111
0.778427
0.493498
0.319729
1.007907
0.783097
0.497502
0.322682
1.012506
0.784548
0.491291
0.321539
1.056494
0.804859
0.56006
0.388941
1.078052
0.817065
0.531521
0.371358
1.121195
0.836303
0.549401
0.407169
1.140433
0.845791
0.534653
0.406144
1.166898
0.857851
0.540381
0.417213
1.171933
0.860359
0.526643
0.436266
1.218184
0.881527
0.5342
0.456748
1.231572
0.888045
0.542741
0.454019
1.23252
0.893369
0.539514
0.446718
1.236745
0.897552
0.551774
0.454507
1.244918
0.906546
0.570824
0.454295
1.251253
0.921294
0.587449
0.436852
1.250678
0.936603
0.612571
0.44133
1.261137
0.956963
0.628724
0.430072
1.265299
0.975258
0.629404
0.426871
1.265849
0.978118
0.633432
0.429275
1.272187
0.987668
0.631903
0.430541
1.274119
0.989322
0.629453
0.432576
1.276578
0.990999
0.629453
0.432576
1.276578
0.990999
